956.0
1108.0
-988.0
-1084.0
752.0
868.0
-548.0
-720.0
104.0
404.0
256.0
-192.0
-788.0
-208.0
1172.0
412.0
-1612.0
-740.0
1840.0
940.0
-2068.0
-1228.0
2036.0
1328.0
-2036.0
-1476.0
1820.0
1444.0
-1644.0
-1496.0
1252.0
1304.0
-1020.0
-1144.0
660.0
820.0
-448.0
-564.0
180.0
116.0
-80.0
216.0
-116.0
-640.0
96.0
928.0
-124.0
-1260.0
-12.0
1400.0
32.0
-1564.0
-228.0
1496.0
300.0
-1504.0
-544.0
1292.0
640.0
-1216.0
-848.0
964.0
896.0
-904.0
-1052.0
748.0
976.0
-776.0
-1040.0
728.0
824.0
-848.0
-720.0
868.0
384.0
-1044.0
-152.0
1056.0
-260.0
-1192.0
564.0
1116.0
-1016.0
-1172.0
1276.0
984.0
-1604.0
-892.0
1728.0
652.0
-1920.0
-524.0
1832.0
236.0
-1808.0
-120.0
1556.0
-128.0
-1300.0
176.0
892.0
-324.0
-576.0
292.0
84.0
-360.0
268.0
248.0
-716.0
-248.0
964.0
56.0
-1292.0
-8.0
1392.0
-216.0
-1548.0
268.0
1448.0
-472.0
-1460.0
520.0
1172.0
-680.0
-1008.0
640.0
664.0
-700.0
-480.0
580.0
124.0
-552.0
52.0
308.0
-328.0
-204.0
384.0
-68.0
-548.0
196.0
488.0
-432.0
-516.0
476.0
304.0
-648.0
-224.0
548.0
-36.0
-596.0
168.0
368.0
-456.0
-244.0
584.0
-36.0
-840.0
220.0
884.0
-604.0
-1064.0
812.0
1032.0
-1160.0
-1172.0
1280.0
1048.0
-1572.0
-1068.0
1652.0
928.0
-1840.0
-924.0
1772.0
784.0
-1844.0
-808.0
1676.0
696.0
-1600.0
-780.0
1352.0
728.0
-1220.0
-896.0
868.0
900.0
-696.0
-1092.0
368.0
1132.0
-216.0
-1340.0
-36.0
1324.0
88.0
-1472.0
-244.0
1432.0
152.0
-1444.0
-208.0
1276.0
92.0
-1208.0
-144.0
932.0
20.0
-812.0
-120.0
440.0
100.0
-236.0
-340.0
-164.0
444.0
336.0
-740.0
-680.0
840.0
816.0
-1056.0
-1056.0
1056.0
1008.0
-1156.0
-1128.0
900.0
952.0
-796.0
-924.0
376.0
652.0
-140.0
-532.0
-324.0
204.0
488.0
-52.0
-800.0
-220.0
768.0
276.0
-824.0
-468.0
532.0
436.0
-324.0
-492.0
-108.0
308.0
380.0
-292.0
-740.0
32.0
812.0
68.0
-928.0
-416.0
704.0
524.0
-516.0
-828.0
56.0
948.0
268.0
-1268.0
-736.0
1316.0
956.0
-1552.0
-1200.0
1584.0
1064.0
-1756.0
-944.0
1668.0
472.0
-1720.0
-44.0
1536.0
-648.0
-1508.0
1112.0
1236.0
-1696.0
-1132.0
1900.0
820.0
-2096.0
-692.0
1860.0
400.0
-1576.0
-304.0
932.0
28.0
-356.0
48.0
-416.0
-332.0
1000.0
372.0
-1644.0
-628.0
1940.0
700.0
-2172.0
-988.0
2036.0
1076.0
-1880.0
-1328.0
1424.0
1324.0
-1036.0
-1500.0
460.0
1456.0
-160.0
-1520.0
-284.0
1360.0
352.0
-1328.0
-540.0
1048.0
400.0
-992.0
-356.0
704.0
116.0
-656.0
-44.0
464.0
-120.0
-524.0
20.0
460.0
-12.0
-672.0
-296.0
732.0
456.0
-1004.0
-764.0
1120.0
948.0
-1384.0
-1192.0
1480.0
1092.0
-1732.0
-1092.0
1688.0
764.0
-1752.0
-496.0
1568.0
-12.0
-1472.0
388.0
1156.0
-908.0
-1000.0
1184.0
560.0
-1512.0
-264.0
1540.0
-192.0
-1596.0
468.0
1356.0
-928.0
-1188.0
1112.0
816.0
-1484.0
-588.0
1540.0
192.0
-1672.0
-48.0
1512.0
-224.0
-1444.0
188.0
1068.0
-220.0
-804.0
24.0
308.0
60.0
36.0
-336.0
-536.0
448.0
800.0
-772.0
-1140.0
840.0
1176.0
-1028.0
-1308.0
996.0
1136.0
-1144.0
-1052.0
1040.0
720.0
-1060.0
-600.0
884.0
248.0
-844.0
-196.0
588.0
-12.0
-512.0
-124.0
240.0
156.0
-160.0
-448.0
-84.0
632.0
92.0
-992.0
-252.0
1188.0
124.0
-1504.0
-144.0
1532.0
-124.0
-1720.0
248.0
1612.0
-576.0
-1580.0
772.0
1376.0
-1012.0
-1308.0
1060.0
1060.0
-1208.0
-984.0
1020.0
816.0
-900.0
-848.0
472.0
732.0
-196.0
-804.0
-348.0
680.0
684.0
-688.0
-1152.0
440.0
1324.0
-384.0
-1568.0
36.0
1468.0
152.0
-1384.0
-600.0
1032.0
832.0
-764.0
-1264.0
248.0
1428.0
120.0
-1688.0
-596.0
1688.0
828.0
-1760.0
-1120.0
1568.0
1156.0
-1464.0
-1264.0
1104.0
1080.0
-892.0
-1084.0
476.0
808.0
-260.0
-724.0
-100.0
452.0
292.0
-380.0
-588.0
124.0
680.0
-104.0
-880.0
-92.0
816.0
68.0
-896.0
-236.0
772.0
168.0
-740.0
-284.0
500.0
168.0
-404.0
-240.0
88.0
96.0
56.0
-96.0
-332.0
-120.0
388.0
116.0
-620.0
-304.0
588.0
260.0
-668.0
-400.0
504.0
336.0
-496.0
-392.0
208.0
264.0
-120.0
-296.0
-156.0
228.0
200.0
-384.0
-376.0
364.0
320.0
-592.0
-380.0
680.0
188.0
-996.0
-172.0
1136.0
-80.0
-1400.0
84.0
1468.0
-248.0
-1616.0
156.0
1492.0
-180.0
-1436.0
-68.0
1128.0
172.0
-976.0
-512.0
564.0
688.0
-392.0
-1032.0
68.0
1164.0
-32.0
-1384.0
-116.0
1404.0
-4.0
-1472.0
32.0
1312.0
-360.0
-1272.0
552.0
992.0
-864.0
-852.0
1040.0
456.0
-1348.0
-204.0
1388.0
-184.0
-1532.0
412.0
1432.0
-780.0
-1408.0
1004.0
1128.0
-1316.0
-992.0
1396.0
636.0
-1568.0
-424.0
1468.0
-16.0
-1504.0
248.0
1236.0
-684.0
-1088.0
912.0
724.0
-1288.0
-504.0
1404.0
136.0
-1608.0
24.0
1552.0
-240.0
-1580.0
176.0
1300.0
-236.0
-1128.0
-4.0
720.0
156.0
-448.0
-444.0
28.0
572.0
184.0
-804.0
-464.0
776.0
392.0
-784.0
-448.0
488.0
120.0
-284.0
80.0
-156.0
-524.0
448.0
764.0
-824.0
-1124.0
988.0
1232.0
-1164.0
-1356.0
1008.0
1192.0
-908.0
-996.0
428.0
580.0
-60.0
-188.0
-548.0
-316.0
944.0
604.0
-1452.0
-968.0
1676.0
1012.0
-1920.0
-1012.0
1888.0
736.0
-1820.0
-436.0
1508.0
-132.0
-1248.0
488.0
808.0
-1004.0
-468.0
1348.0
-16.0
-1644.0
248.0
1676.0
-556.0
-1700.0
656.0
1484.0
-816.0
-1280.0
780.0
900.0
-824.0
-660.0
700.0
288.0
-648.0
-128.0
460.0
-92.0
-376.0
100.0
156.0
-200.0
-40.0
104.0
-172.0
-188.0
272.0
72.0
-444.0
-144.0
500.0
96.0
-652.0
-268.0
612.0
300.0
-708.0
-504.0
652.0
572.0
-688.0
-804.0
608.0
872.0
-684.0
-1016.0
712.0
1032.0
-860.0
-1144.0
928.0
1096.0
-1156.0
-1192.0
1312.0
1072.0
-1552.0
-1096.0
1652.0
996.0
-1792.0
-952.0
1788.0
796.0
-1784.0
-740.0
1564.0
548.0
-1412.0
-492.0
1072.0
308.0
-808.0
-308.0
412.0
256.0
-144.0
-352.0
-220.0
384.0
388.0
-624.0
-624.0
784.0
688.0
-1104.0
-800.0
1324.0
776.0
-1588.0
-852.0
1680.0
760.0
-1816.0
-740.0
1788.0
652.0
-1704.0
-692.0
1440.0
652.0
-1228.0
-680.0
860.0
600.0
-604.0
-664.0
204.0
572.0
12.0
-596.0
-308.0
508.0
404.0
-496.0
-536.0
348.0
476.0
-328.0
-476.0
120.0
296.0
-36.0
-224.0
-196.0
-32.0
352.0
168.0
-632.0
-444.0
812.0
620.0
-1104.0
-844.0
1252.0
928.0
-1472.0
-1152.0
1548.0
1124.0
-1720.0
-1084.0
1724.0
864.0
-1700.0
-712.0
1544.0
300.0
-1412.0
40.0
1164.0
-528.0
-964.0
876.0
632.0
-1292.0
-432.0
1476.0
92.0
-1664.0
88.0
1548.0
-376.0
-1424.0
484.0
1132.0
-668.0
-856.0
716.0
460.0
-800.0
-216.0
740.0
-24.0
-732.0
32.0
556.0
8.0
-476.0
-284.0
272.0
588.0
-152.0
-1036.0
-32.0
1328.0
104.0
-1676.0
-184.0
1756.0
76.0
-1756.0
-32.0
1480.0
-164.0
-1064.0
340.0
464.0
-628.0
152.0
788.0
-860.0
-1012.0
1356.0
1012.0
-1816.0
-1048.0
1980.0
844.0
-2012.0
-644.0
1720.0
252.0
-1360.0
92.0
756.0
-540.0
-228.0
856.0
-376.0
-1160.0
784.0
1252.0
-1168.0
-1284.0
1240.0
1060.0
-1216.0
-808.0
932.0
316.0
-636.0
56.0
148.0
-560.0
224.0
896.0
-740.0
-1212.0
1036.0
1284.0
-1316.0
-1344.0
1384.0
1096.0
-1488.0
-840.0
1380.0
372.0
-1348.0
24.0
1132.0
-500.0
-1072.0
848.0
892.0
-1212.0
-892.0
1380.0
744.0
-1548.0
-728.0
1488.0
608.0
-1480.0
-572.0
1312.0
396.0
-1272.0
-292.0
1140.0
12.0
-1164.0
132.0
1124.0
-472.0
-1212.0
696.0
1240.0
-1064.0
-1376.0
1200.0
1364.0
-1464.0
-1364.0
1596.0
1132.0
-1728.0
-956.0
1716.0
592.0
-1772.0
-240.0
1676.0
-264.0
-1660.0
640.0
1496.0
-1024.0
-1436.0
1156.0
1236.0
-1280.0
-1128.0
1100.0
908.0
-852.0
-812.0
384.0
588.0
56.0
-496.0
-640.0
316.0
1076.0
-228.0
-1496.0
88.0
1656.0
-60.0
-1692.0
-60.0
1456.0
64.0
-1204.0
-180.0
716.0
152.0
-288.0
-272.0
-180.0
268.0
448.0
-440.0
-656.0
504.0
544.0
-636.0
-376.0
708.0
-96.0
-872.0
536.0
852.0
-1144.0
-920.0
1540.0
888.0
-1936.0
-892.0
2020.0
728.0
-2004.0
-640.0
1652.0
476.0
-1200.0
-324.0
500.0
100.0
140.0
68.0
-888.0
-308.0
1392.0
464.0
-1848.0
-708.0
1980.0
836.0
-1980.0
-1048.0
1688.0
1124.0
-1296.0
-1252.0
716.0
1264.0
-160.0
-1288.0
-512.0
1132.0
928.0
-1048.0
-1416.0
704.0
1676.0
-444.0
-1896.0
56.0
1908.0
200.0
-1944.0
-556.0
1800.0
756.0
-1736.0
-924.0
1588.0
852.0
-1540.0
-812.0
1384.0
548.0
-1396.0
-304.0
1300.0
-92.0
-1308.0
384.0
1212.0
-748.0
-1224.0
900.0
1120.0
-1084.0
-1148.0
1008.0
1004.0
-936.0
-1000.0
648.0
888.0
-436.0
-872.0
68.0
744.0
148.0
-736.0
-372.0
588.0
420.0
-552.0
-408.0
404.0
196.0
-324.0
8.0
188.0
-412.0
-108.0
740.0
-16.0
-1108.0
32.0
1352.0
-128.0
-1568.0
28.0
1576.0
-44.0
-1552.0
-88.0
1296.0
160.0
-1040.0
-324.0
628.0
388.0
-320.0
-544.0
-116.0
512.0
360.0
-604.0
-668.0
460.0
764.0
-412.0
-896.0
184.0
840.0
-4.0
-868.0
-344.0
772.0
556.0
-760.0
-932.0
656.0
1156.0
-680.0
-1488.0
620.0
1604.0
-668.0
-1788.0
640.0
1772.0
-680.0
-1812.0
544.0
1628.0
-500.0
-1512.0
244.0
1220.0
-64.0
-988.0
-284.0
580.0
468.0
-288.0
-828.0
-100.0
936.0
408.0
-1140.0
-764.0
1084.0
924.0
-1056.0
-1112.0
812.0
1120.0
-612.0
-1180.0
240.0
992.0
-24.0
-864.0
-388.0
532.0
520.0
-292.0
-700.0
-80.0
644.0
308.0
-604.0
-696.0
336.0
880.0
-104.0
-1128.0
-272.0
1152.0
520.0
-1236.0
-876.0
1096.0
1004.0
-1020.0
-1144.0
728.0
1100.0
-524.0
-1040.0
124.0
756.0
172.0
-536.0
-572.0
124.0
856.0
136.0
-1224.0
-528.0
1432.0
776.0
-1744.0
-1012.0
1828.0
1068.0
-1988.0
-1168.0
1964.0
952.0
-2020.0
-908.0
1872.0
616.0
-1812.0
-316.0
1552.0
-104.0
-1440.0
364.0
1148.0
-788.0
-1008.0
1056.0
728.0
-1404.0
-592.0
1532.0
456.0
-1720.0
-496.0
1688.0
476.0
-1728.0
-704.0
1524.0
888.0
-1340.0
-1212.0
984.0
1416.0
-692.0
-1732.0
268.0
1864.0
32.0
-2024.0
-424.0
1920.0
656.0
-1796.0
-944.0
1400.0
1036.0
-1036.0
-1160.0
428.0
1040.0
64.0
-952.0
-676.0
696.0
1056.0
-472.0
-1440.0
120.0
1604.0
196.0
-1656.0
-628.0
1468.0
904.0
-1308.0
-1228.0
900.0
1380.0
-604.0
-1564.0
184.0
1532.0
4.0
-1476.0
-232.0
1200.0
244.0
-952.0
-292.0
492.0
108.0
-120.0
-40.0
-420.0
-136.0
764.0
140.0
-1216.0
-228.0
1400.0
76.0
-1644.0
12.0
1640.0
-356.0
-1644.0
604.0
1392.0
-1024.0
-1296.0
1264.0
1008.0
-1600.0
-832.0
1752.0
572.0
-1924.0
-564.0
1828.0
472.0
-1800.0
-592.0
1572.0
620.0
-1468.0
-868.0
1168.0
960.0
-1036.0
-1176.0
816.0
1176.0
-772.0
-1292.0
632.0
1204.0
-680.0
-1204.0
648.0
1020.0
-784.0
-992.0
776.0
844.0
-896.0
-876.0
860.0
824.0
-936.0
-992.0
864.0
1080.0
-920.0
-1312.0
772.0
1396.0
-716.0
-1660.0
496.0
1636.0
-396.0
-1688.0
176.0
1484.0
-24.0
-1364.0
-320.0
992.0
512.0
-700.0
-820.0
272.0
1000.0
40.0
-1288.0
-436.0
1416.0
624.0
-1652.0
-872.0
1660.0
896.0
-1764.0
-976.0
1664.0
812.0
-1640.0
-792.0
1404.0
552.0
-1268.0
-516.0
960.0
312.0
-756.0
-276.0
448.0
112.0
-228.0
-140.0
-40.0
56.0
168.0
-144.0
-332.0
112.0
356.0
-272.0
-420.0
296.0
268.0
-512.0
-224.0
568.0
-20.0
-824.0
148.0
908.0
-500.0
-1124.0
720.0
1108.0
-1052.0
-1220.0
1252.0
1060.0
-1572.0
-968.0
1700.0
656.0
-1916.0
-412.0
1920.0
-32.0
-1984.0
316.0
1868.0
-708.0
-1776.0
892.0
1508.0
-1144.0
-1316.0
1072.0
940.0
-1028.0
-664.0
680.0
248.0
-392.0
28.0
-124.0
-416.0
404.0
604.0
-832.0
-916.0
992.0
952.0
-1168.0
-1112.0
976.0
1080.0
-812.0
-1100.0
328.0
932.0
56.0
-868.0
-612.0
596.0
1008.0
-472.0
-1432.0
180.0
1568.0
4.0
-1708.0
-320.0
1512.0
472.0
-1332.0
-768.0
908.0
896.0
-612.0
-1136.0
188.0
1224.0
-12.0
-1392.0
-232.0
1384.0
156.0
-1456.0
-104.0
1344.0
-228.0
-1348.0
520.0
1128.0
-940.0
-1092.0
1248.0
872.0
-1648.0
-780.0
1856.0
592.0
-2016.0
-620.0
2012.0
472.0
-2040.0
-468.0
1856.0
368.0
-1760.0
-376.0
1524.0
224.0
-1424.0
-184.0
1228.0
-24.0
-1160.0
152.0
1008.0
-404.0
-1008.0
536.0
872.0
-772.0
-844.0
788.0
676.0
-900.0
-564.0
792.0
320.0
-696.0
-156.0
396.0
-140.0
-152.0
324.0
-224.0
-600.0
520.0
756.0
-856.0
-980.0
976.0
1004.0
-1116.0
-1088.0
980.0
1048.0
-808.0
-1036.0
424.0
872.0
-88.0
-804.0
-404.0
624.0
792.0
-496.0
-1216.0
288.0
1432.0
-128.0
-1592.0
-112.0
1504.0
232.0
-1428.0
-460.0
1068.0
524.0
-792.0
-688.0
384.0
688.0
-72.0
-760.0
-292.0
632.0
432.0
-556.0
-632.0
312.0
608.0
-128.0
-524.0
-132.0
340.0
328.0
-180.0
-556.0
-88.0
608.0
232.0
-704.0
-480.0
608.0
536.0
-488.0
-708.0
204.0
728.0
36.0
-816.0
-412.0
756.0
640.0
-800.0
-988.0
740.0
1144.0
-792.0
-1368.0
692.0
1372.0
-732.0
-1400.0
624.0
1344.0
-616.0
-1328.0
472.0
1228.0
-388.0
-1236.0
188.0
1184.0
-84.0
-1276.0
-116.0
1308.0
172.0
-1460.0
-304.0
1484.0
280.0
-1644.0
-356.0
1628.0
172.0
-1660.0
-76.0
1500.0
-176.0
-1372.0
316.0
1104.0
-584.0
-892.0
760.0
536.0
-960.0
-332.0
1072.0
52.0
-1240.0
16.0
1244.0
-160.0
-1336.0
76.0
1288.0
-12.0
-1276.0
-212.0
1160.0
352.0
-1096.0
-692.0
848.0
888.0
-696.0
-1184.0
360.0
1344.0
-112.0
-1536.0
-292.0
1548.0
596.0
-1672.0
-984.0
1624.0
1188.0
-1564.0
-1440.0
1340.0
1424.0
-1244.0
-1368.0
944.0
1124.0
-684.0
-856.0
320.0
368.0
-72.0
44.0
-316.0
-560.0
528.0
876.0
-808.0
-1224.0
892.0
1288.0
-1012.0
-1292.0
884.0
1016.0
-760.0
-712.0
464.0
172.0
-220.0
244.0
-196.0
-768.0
452.0
1044.0
-776.0
-1328.0
956.0
1264.0
-1144.0
-1180.0
1108.0
772.0
-1132.0
-352.0
960.0
-268.0
-872.0
764.0
712.0
-1360.0
-652.0
1740.0
536.0
-2044.0
-660.0
2044.0
724.0
-2008.0
-932.0
1720.0
1060.0
-1404.0
-1316.0
936.0
1400.0
-532.0
-1544.0
40.0
1500.0
248.0
-1460.0
-608.0
1232.0
740.0
-1060.0
-928.0
692.0
940.0
-480.0
-1076.0
180.0
1056.0
-44.0
-1144.0
-120.0
1168.0
48.0
-1328.0
-56.0
1388.0
-180.0
-1532.0
296.0
1508.0
-524.0
-1616.0
644.0
1460.0
-868.0
-1356.0
920.0
1076.0
-1028.0
-896.0
948.0
488.0
-960.0
-228.0
768.0
-136.0
-720.0
328.0
520.0
-556.0
-472.0
600.0
244.0
-692.0
-164.0
544.0
-32.0
-484.0
64.0
236.0
-236.0
-68.0
252.0
-192.0
-364.0
312.0
340.0
-548.0
-392.0
600.0
264.0
-748.0
-240.0
732.0
88.0
-808.0
-20.0
720.0
-124.0
-768.0
72.0
608.0
-116.0
-640.0
-72.0
512.0
224.0
-484.0
-560.0
332.0
800.0
-340.0
-1184.0
184.0
1404.0
-208.0
-1668.0
76.0
1684.0
-104.0
-1660.0
-32.0
1376.0
8.0
-1052.0
-136.0
532.0
160.0
-84.0
-316.0
-508.0
364.0
896.0
-596.0
-1244.0
692.0
1324.0
-928.0
-1328.0
1032.0
1032.0
-1256.0
-728.0
1276.0
120.0
-1404.0
176.0
1356.0
-716.0
-1352.0
948.0
1128.0
-1220.0
-1016.0
1080.0
740.0
-964.0
-560.0
500.0
232.0
-56.0
-32.0
-560.0
-284.0
1024.0
400.0
-1580.0
-660.0
1880.0
736.0
-2156.0
-872.0
2168.0
852.0
-2144.0
-916.0
1916.0
772.0
-1744.0
-716.0
1444.0
476.0
-1304.0
-292.0
1116.0
-48.0
-1132.0
308.0
1096.0
-716.0
-1240.0
980.0
1236.0
-1280.0
-1452.0
1316.0
1432.0
-1412.0
-1448.0
1240.0
1248.0
-1032.0
-1112.0
520.0
732.0
-68.0
-416.0
-552.0
-16.0
1032.0
312.0
-1592.0
-680.0
1820.0
828.0
-2012.0
-956.0
1856.0
872.0
-1608.0
-800.0
1036.0
464.0
-468.0
-264.0
-284.0
-160.0
852.0
420.0
-1472.0
-724.0
1784.0
860.0
-2024.0
-1044.0
1896.0
1008.0
-1708.0
-1076.0
1140.0
876.0
-656.0
-920.0
-32.0
744.0
564.0
-772.0
-1112.0
684.0
1432.0
-772.0
-1664.0
772.0
1648.0
-920.0
-1624.0
980.0
1376.0
-1148.0
-1280.0
1116.0
1008.0
-1172.0
-928.0
992.0
792.0
-928.0
-868.0
600.0
912.0
-380.0
-1144.0
-24.0
1276.0
260.0
-1556.0
-644.0
1648.0
768.0
-1844.0
-984.0
1772.0
880.0
-1840.0
-852.0
1600.0
560.0
-1464.0
-316.0
1140.0
-4.0
-944.0
220.0
568.0
-584.0
-364.0
704.0
68.0
-916.0
100.0
876.0
-376.0
-940.0
432.0
804.0
-616.0
-816.0
640.0
696.0
-776.0
-784.0
772.0
780.0
-868.0
-1032.0
784.0
1152.0
-820.0
-1440.0
676.0
1580.0
-692.0
-1832.0
516.0
1804.0
-444.0
-1860.0
188.0
1596.0
-104.0
-1332.0
-180.0
828.0
276.0
-400.0
-552.0
-168.0
624.0
584.0
-824.0
-1048.0
832.0
1160.0
-964.0
-1328.0
900.0
1104.0
-928.0
-900.0
768.0
400.0
-768.0
40.0
628.0
-660.0
-636.0
1092.0
540.0
-1576.0
-648.0
1812.0
652.0
-2012.0
-912.0
1904.0
1004.0
-1820.0
-1276.0
1428.0
1356.0
-1140.0
-1592.0
660.0
1552.0
-340.0
-1604.0
-100.0
1376.0
284.0
-1224.0
-528.0
752.0
536.0
-404.0
-556.0
-168.0
392.0
528.0
-276.0
-1052.0
36.0
1296.0
40.0
-1628.0
-292.0
1660.0
372.0
-1736.0
-560.0
1544.0
544.0
-1468.0
-708.0
1148.0
696.0
-1016.0
-824.0
736.0
816.0
-676.0
-988.0
556.0
984.0
-620.0
-1124.0
600.0
1072.0
-752.0
-1152.0
760.0
964.0
-896.0
-840.0
780.0
448.0
-780.0
-212.0
504.0
-300.0
-380.0
624.0
-12.0
-1076.0
260.0
1288.0
-636.0
-1536.0
804.0
1456.0
-1072.0
-1376.0
1068.0
980.0
-1148.0
-596.0
968.0
-36.0
-908.0
532.0
656.0
-1148.0
-616.0
1484.0
428.0
-1864.0
-508.0
1848.0
520.0
-1880.0
-800.0
1516.0
984.0
-1188.0
-1396.0
572.0
1600.0
-172.0
-1904.0
-412.0
1944.0
684.0
-2044.0
-1004.0
1784.0
920.0
-1608.0
-924.0
1036.0
552.0
-668.0
-292.0
56.0
-236.0
316.0
548.0
-808.0
-1028.0
1004.0
1148.0
-1172.0
-1412.0
988.0
1324.0
-868.0
-1272.0
460.0
948.0
-200.0
-748.0
-264.0
316.0
484.0
-68.0
-760.0
-360.0
732.0
552.0
-736.0
-888.0
416.0
948.0
-208.0
-1144.0
-248.0
1068.0
544.0
-1160.0
-944.0
952.0
1084.0
-900.0
-1324.0
576.0
1248.0
-460.0
-1232.0
44.0
980.0
92.0
-836.0
-564.0
436.0
792.0
-300.0
-1196.0
-8.0
1296.0
72.0
-1588.0
-296.0
1616.0
224.0
-1764.0
-296.0
1648.0
88.0
-1688.0
-128.0
1500.0
-88.0
-1488.0
60.0
1264.0
-208.0
-1280.0
136.0
1088.0
-248.0
-1136.0
84.0
984.0
-96.0
-1004.0
-72.0
820.0
60.0
-836.0
-288.0
576.0
288.0
-524.0
-492.0
220.0
476.0
-88.0
-652.0
-280.0
620.0
444.0
-784.0
-776.0
720.0
844.0
-888.0
-1140.0
756.0
1136.0
-824.0
-1328.0
676.0
1212.0
-704.0
-1260.0
488.0
1048.0
-412.0
-1020.0
112.0
752.0
0.0
-640.0
-344.0
296.0
464.0
-152.0
-776.0
-212.0
848.0
360.0
-1076.0
-700.0
1028.0
772.0
-1108.0
-1052.0
932.0
1044.0
-900.0
-1176.0
576.0
1012.0
-400.0
-1024.0
-36.0
748.0
288.0
-624.0
-704.0
328.0
920.0
-216.0
-1308.0
-52.0
1428.0
112.0
-1696.0
-336.0
1684.0
308.0
-1832.0
-460.0
1712.0
372.0
-1788.0
-544.0
1640.0
508.0
-1704.0
-672.0
1564.0
672.0
-1640.0
-896.0
1520.0
924.0
-1676.0
-1136.0
1612.0
1100.0
-1748.0
-1196.0
1688.0
1020.0
-1788.0
-972.0
1692.0
592.0
-1724.0
-372.0
1564.0
-120.0
-1568.0
508.0
1328.0
-964.0
-1316.0
1224.0
1036.0
-1628.0
-904.0
1772.0
620.0
-1952.0
-548.0
1856.0
224.0
-1872.0
-92.0
1624.0
-248.0
-1520.0
372.0
1228.0
-664.0
-1108.0
768.0
900.0
-976.0
-932.0
1024.0
816.0
-1184.0
-936.0
1124.0
952.0
-1180.0
-1136.0
1068.0
1160.0
-1048.0
-1280.0
852.0
1176.0
-820.0
-1164.0
596.0
924.0
-512.0
-796.0
304.0
440.0
-228.0
-268.0
-20.0
-88.0
124.0
204.0
-408.0
-464.0
504.0
452.0
-764.0
-548.0
820.0
376.0
-1016.0
-392.0
984.0
156.0
-1060.0
-188.0
888.0
32.0
-796.0
-92.0
488.0
60.0
-268.0
-240.0
-116.0
268.0
376.0
-452.0
-748.0
428.0
936.0
-532.0
-1244.0
380.0
1288.0
-312.0
-1428.0
-24.0
1320.0
292.0
-1328.0
-700.0
1108.0
952.0
-972.0
-1384.0
668.0
1512.0
-520.0
-1644.0
212.0
1500.0
-96.0
-1340.0
-244.0
972.0
344.0
-580.0
-548.0
4.0
532.0
400.0
-592.0
-928.0
456.0
1184.0
-368.0
-1508.0
28.0
1496.0
240.0
-1548.0
-696.0
1248.0
956.0
-1008.0
-1412.0
540.0
1620.0
-180.0
-1860.0
-384.0
1840.0
752.0
-1832.0
-1200.0
1512.0
1468.0
-1212.0
-1768.0
712.0
1808.0
-292.0
-1948.0
-260.0
1860.0
568.0
-1840.0
-896.0
1612.0
944.0
-1464.0
-1008.0
1128.0
768.0
-952.0
-584.0
556.0
160.0
-348.0
68.0
-4.0
-412.0
212.0
472.0
-532.0
-532.0
640.0
332.0
-868.0
-128.0
864.0
-356.0
-996.0
720.0
912.0
-1248.0
-932.0
1532.0
796.0
-1908.0
-796.0
1944.0
692.0
-2016.0
-752.0
1760.0
660.0
-1520.0
-768.0
1040.0
852.0
-704.0
-1060.0
232.0
1156.0
-20.0
-1408.0
-312.0
1500.0
384.0
-1728.0
-524.0
1740.0
388.0
-1912.0
-436.0
1860.0
304.0
-1892.0
-392.0
1744.0
364.0
-1688.0
-604.0
1412.0
756.0
-1300.0
-1112.0
980.0
1328.0
-768.0
-1692.0
380.0
1816.0
-128.0
-1996.0
-300.0
1916.0
580.0
-1832.0
-1004.0
1464.0
1264.0
-1160.0
-1644.0
652.0
1776.0
-288.0
-1988.0
-248.0
1968.0
520.0
-2000.0
-816.0
1780.0
884.0
-1576.0
-1008.0
1176.0
840.0
-832.0
-720.0
364.0
392.0
-40.0
-204.0
-376.0
-124.0
544.0
244.0
-728.0
-480.0
640.0
460.0
-548.0
-532.0
212.0
404.0
64.0
-360.0
-540.0
156.0
860.0
-116.0
-1316.0
-52.0
1492.0
76.0
-1732.0
-156.0
1732.0
68.0
-1736.0
-92.0
1544.0
-44.0
-1472.0
24.0
1252.0
-188.0
-1212.0
144.0
1064.0
-200.0
-1204.0
56.0
1252.0
-12.0
-1524.0
-172.0
1644.0
252.0
-1940.0
-524.0
1992.0
588.0
-2128.0
-792.0
1956.0
852.0
-1788.0
-1036.0
1364.0
1032.0
-944.0
-1184.0
348.0
1160.0
72.0
-1316.0
-592.0
1336.0
856.0
-1524.0
-1100.0
1580.0
1028.0
-1792.0
-972.0
1828.0
628.0
-1988.0
-316.0
1952.0
-24.0
-1972.0
216.0
1792.0
-472.0
-1656.0
392.0
1308.0
-256.0
-1056.0
-128.0
604.0
480.0
-300.0
-1016.0
-116.0
1404.0
340.0
-1848.0
-668.0
1956.0
704.0
-2048.0
-856.0
1768.0
728.0
-1448.0
-660.0
812.0
404.0
-212.0
-228.0
-520.0
-148.0
1064.0
356.0
-1660.0
-684.0
1904.0
816.0
-2108.0
-1068.0
1932.0
1096.0
-1740.0
-1228.0
1280.0
1144.0
-848.0
-1140.0
300.0
924.0
80.0
-792.0
-504.0
476.0
688.0
-220.0
-884.0
-148.0
820.0
380.0
-836.0
-728.0
664.0
896.0
-624.0
-1136.0
548.0
1148.0
-660.0
-1196.0
684.0
1004.0
-936.0
-900.0
1068.0
544.0
-1380.0
-368.0
1508.0
52.0
-1720.0
96.0
1692.0
-252.0
-1648.0
164.0
1368.0
-120.0
-1128.0
-188.0
640.0
428.0
-316.0
-888.0
-192.0
1184.0
488.0
-1580.0
-828.0
1740.0
848.0
-1940.0
-984.0
1836.0
824.0
-1780.0
-696.0
1436.0
336.0
-1192.0
-124.0
776.0
-268.0
-556.0
424.0
156.0
-712.0
-48.0
784.0
-188.0
-884.0
152.0
820.0
-256.0
-808.0
168.0
616.0
-244.0
-568.0
196.0
328.0
-340.0
-252.0
428.0
24.0
-668.0
44.0
832.0
-240.0
-1104.0
328.0
1200.0
-492.0
-1404.0
548.0
1364.0
-792.0
-1332.0
840.0
1048.0
-992.0
-844.0
984.0
396.0
-1096.0
0.0
1040.0
-508.0
-1088.0
868.0
912.0
-1300.0
-908.0
1536.0
676.0
-1816.0
-616.0
1868.0
408.0
-1920.0
-352.0
1772.0
140.0
-1672.0
-92.0
1320.0
-136.0
-1032.0
216.0
552.0
-468.0
-208.0
572.0
-348.0
-868.0
704.0
972.0
-1212.0
-1152.0
1452.0
1216.0
-1784.0
-1312.0
1816.0
1128.0
-1920.0
-1004.0
1696.0
652.0
-1500.0
-376.0
1048.0
-128.0
-680.0
480.0
136.0
-948.0
248.0
1160.0
-664.0
-1384.0
868.0
1280.0
-1068.0
-1200.0
992.0
792.0
-908.0
-436.0
572.0
-104.0
-316.0
520.0
-156.0
-984.0
444.0
1176.0
-844.0
-1364.0
1012.0
1184.0
-1268.0
-1000.0
1264.0
544.0
-1328.0
-88.0
1180.0
-492.0
-1136.0
940.0
916.0
-1492.0
-804.0
1808.0
576.0
-2100.0
-620.0
2156.0
472.0
-2220.0
-540.0
2092.0
472.0
-1988.0
-648.0
1776.0
608.0
-1716.0
-772.0
1532.0
780.0
-1536.0
-940.0
1456.0
916.0
-1568.0
-1040.0
1528.0
968.0
-1688.0
-1036.0
1632.0
896.0
-1756.0
-888.0
1672.0
668.0
-1716.0
-592.0
1596.0
328.0
-1536.0
-176.0
1324.0
-124.0
-1216.0
236.0
904.0
-492.0
-724.0
544.0
328.0
-700.0
-96.0
604.0
-376.0
-640.0
620.0
444.0
-1060.0
-380.0
1236.0
156.0
-1488.0
-76.0
1508.0
-108.0
-1548.0
112.0
1356.0
-192.0
-1180.0
80.0
784.0
-64.0
-480.0
-184.0
84.0
260.0
156.0
-492.0
-440.0
528.0
412.0
-708.0
-416.0
648.0
136.0
-720.0
108.0
572.0
-564.0
-540.0
844.0
292.0
-1248.0
-188.0
1436.0
-84.0
-1624.0
152.0
1524.0
-368.0
-1420.0
420.0
1012.0
-648.0
-672.0
664.0
116.0
-848.0
264.0
852.0
-748.0
-1008.0
992.0
1004.0
-1284.0
-1112.0
1276.0
1044.0
-1332.0
-1104.0
1108.0
936.0
-1008.0
-924.0
684.0
644.0
-556.0
-516.0
340.0
164.0
-340.0
84.0
256.0
-500.0
-420.0
712.0
416.0
-1084.0
-696.0
1256.0
760.0
-1536.0
-924.0
1620.0
892.0
-1768.0
-1020.0
1676.0
924.0
-1712.0
-916.0
1516.0
764.0
-1452.0
-780.0
1200.0
664.0
-1124.0
-760.0
892.0
768.0
-872.0
-1012.0
660.0
1140.0
-676.0
-1408.0
592.0
1508.0
-676.0
-1700.0
652.0
1640.0
-796.0
-1608.0
784.0
1276.0
-968.0
-964.0
932.0
412.0
-1076.0
36.0
1012.0
-712.0
-1072.0
1076.0
988.0
-1564.0
-996.0
1736.0
760.0
-1896.0
-748.0
1756.0
548.0
-1600.0
-472.0
1148.0
236.0
-800.0
-148.0
268.0
-28.0
84.0
68.0
-520.0
-252.0
664.0
228.0
-808.0
-380.0
648.0
304.0
-500.0
-380.0
68.0
248.0
256.0
-284.0
-740.0
148.0
1084.0
-144.0
-1504.0
-4.0
1696.0
12.0
-1952.0
-128.0
1908.0
84.0
-1960.0
-200.0
1784.0
124.0
-1696.0
-208.0
1408.0
-16.0
-1288.0
8.0
1044.0
-224.0
-968.0
296.0
780.0
-504.0
-752.0
568.0
600.0
-724.0
-604.0
696.0
448.0
-776.0
-420.0
600.0
248.0
-476.0
-204.0
156.0
44.0
116.0
-24.0
-520.0
-140.0
800.0
108.0
-1196.0
-184.0
1372.0
60.0
-1636.0
-48.0
1656.0
-144.0
-1700.0
172.0
1548.0
-400.0
-1484.0
336.0
1296.0
-424.0
-1224.0
336.0
1088.0
-284.0
-1200.0
4.0
1188.0
180.0
-1428.0
-512.0
1556.0
692.0
-1852.0
-968.0
1948.0
1028.0
-2116.0
-1088.0
2008.0
908.0
-1956.0
-756.0
1580.0
336.0
-1272.0
4.0
732.0
-508.0
-380.0
860.0
-76.0
-1268.0
256.0
1436.0
-444.0
-1604.0
296.0
1456.0
-128.0
-1328.0
-336.0
920.0
720.0
-632.0
-1264.0
64.0
1636.0
316.0
-1980.0
-708.0
2004.0
876.0
-1972.0
-1092.0
1568.0
1032.0
-1156.0
-984.0
456.0
684.0
116.0
-496.0
-796.0
172.0
1232.0
-32.0
-1608.0
-184.0
1624.0
156.0
-1576.0
-180.0
1144.0
-28.0
-724.0
148.0
24.0
-436.0
540.0
600.0
-1208.0
-856.0
1644.0
936.0
-2060.0
-1060.0
2180.0
1000.0
-2288.0
-1032.0
2088.0
808.0
-1932.0
-916.0
1548.0
824.0
-1280.0
-832.0
872.0
840.0
-620.0
-1004.0
292.0
1128.0
-164.0
-1340.0
-100.0
1460.0
152.0
-1688.0
-372.0
1736.0
468.0
-1848.0
-624.0
1772.0
684.0
-1748.0
-884.0
1560.0
904.0
-1444.0
-1068.0
1184.0
1052.0
-1076.0
-1132.0
876.0
1064.0
-888.0
-1112.0
748.0
988.0
-848.0
-992.0
860.0
820.0
-1036.0
-820.0
1108.0
652.0
-1268.0
-584.0
1304.0
364.0
-1432.0
-204.0
1372.0
-88.0
-1424.0
272.0
1244.0
-596.0
-1164.0
852.0
924.0
-1176.0
-752.0
1296.0
472.0
-1496.0
-284.0
1496.0
-44.0
-1528.0
224.0
1336.0
-464.0
-1184.0
612.0
880.0
-764.0
-676.0
772.0
388.0
-836.0
-264.0
744.0
96.0
-680.0
-152.0
440.0
204.0
-284.0
-456.0
-40.0
632.0
192.0
-972.0
-536.0
1200.0
676.0
-1548.0
-840.0
1680.0
812.0
-1844.0
-836.0
1792.0
696.0
-1772.0
-540.0
1544.0
196.0
-1348.0
0.0
1044.0
-328.0
-780.0
480.0
384.0
-708.0
-84.0
744.0
-244.0
-796.0
460.0
652.0
-764.0
-576.0
884.0
352.0
-1100.0
-192.0
1144.0
-32.0
-1296.0
120.0
1320.0
-312.0
-1416.0
312.0
1380.0
-436.0
-1424.0
440.0
1340.0
-492.0
-1352.0
472.0
1208.0
-652.0
-1184.0
740.0
1032.0
-928.0
-1000.0
1068.0
860.0
-1328.0
-828.0
1472.0
704.0
-1708.0
-724.0
1752.0
672.0
-1796.0
-724.0
1736.0
696.0
-1668.0
-852.0
1444.0
868.0
-1280.0
-1012.0
988.0
1076.0
-796.0
-1236.0
464.0
1284.0
-328.0
-1416.0
72.0
1404.0
24.0
-1460.0
-224.0
1412.0
252.0
-1460.0
-336.0
1356.0
332.0
-1364.0
-356.0
1276.0
168.0
-1332.0
-84.0
1276.0
-148.0
-1368.0
312.0
1344.0
-592.0
-1448.0
748.0
1408.0
-996.0
-1464.0
1056.0
1368.0
-1168.0
-1292.0
1048.0
1072.0
-932.0
-904.0
644.0
584.0
-352.0
-384.0
-40.0
60.0
296.0
84.0
-608.0
-320.0
704.0
344.0
-804.0
-388.0
624.0
220.0
-464.0
-108.0
108.0
-200.0
172.0
396.0
-568.0
-720.0
776.0
888.0
-1008.0
-1104.0
1008.0
1152.0
-980.0
-1276.0
720.0
1208.0
-460.0
-1180.0
56.0
1052.0
256.0
-980.0
-684.0
864.0
920.0
-832.0
-1172.0
776.0
1228.0
-836.0
-1248.0
840.0
1076.0
-984.0
-932.0
1012.0
644.0
-1192.0
-452.0
1228.0
160.0
-1384.0
24.0
1400.0
-264.0
-1472.0
328.0
1408.0
-456.0
-1432.0
428.0
1264.0
-384.0
-1204.0
200.0
964.0
-116.0
-788.0
-152.0
452.0
372.0
-216.0
-680.0
-164.0
876.0
388.0
-1160.0
-732.0
1220.0
908.0
-1336.0
-1108.0
1196.0
1104.0
-1092.0
-1124.0
708.0
940.0
-348.0
-788.0
-196.0
456.0
644.0
-176.0
-1160.0
-200.0
1496.0
436.0
-1804.0
-784.0
1804.0
872.0
-1764.0
-1032.0
1408.0
956.0
-1064.0
-924.0
504.0
720.0
32.0
-580.0
-640.0
256.0
1056.0
-120.0
-1492.0
-184.0
1656.0
324.0
-1816.0
-600.0
1644.0
616.0
-1520.0
-824.0
1124.0
864.0
-820.0
-1036.0
360.0
1096.0
-32.0
-1300.0
-384.0
1408.0
576.0
-1636.0
-876.0
1736.0
924.0
-1908.0
-1052.0
1928.0
932.0
-2004.0
-940.0
1880.0
696.0
-1780.0
-536.0
1496.0
240.0
-1268.0
-28.0
876.0
-352.0
-648.0
560.0
256.0
-900.0
-84.0
1092.0
-196.0
-1376.0
196.0
1484.0
-216.0
-1672.0
60.0
1664.0
48.0
-1784.0
-340.0
1720.0
492.0
-1740.0
-760.0
1664.0
848.0
-1700.0
-964.0
1600.0
928.0
-1660.0
-936.0
1616.0
768.0
-1700.0
-692.0
1656.0
528.0
-1776.0
-544.0
1680.0
472.0
-1736.0
-624.0
1604.0
704.0
-1576.0
-1000.0
1388.0
1160.0
-1328.0
-1476.0
984.0
1568.0
-816.0
-1720.0
436.0
1588.0
-220.0
-1476.0
-200.0
1164.0
508.0
-868.0
-960.0
372.0
1216.0
-24.0
-1568.0
-432.0
1696.0
660.0
-1880.0
-900.0
1768.0
864.0
-1700.0
-856.0
1344.0
584.0
-1036.0
-360.0
528.0
-56.0
-120.0
344.0
-380.0
-716.0
704.0
964.0
-1064.0
-1244.0
1172.0
1332.0
-1264.0
-1476.0
1128.0
1452.0
-1084.0
-1464.0
812.0
1356.0
-720.0
-1340.0
576.0
1140.0
-672.0
-1056.0
668.0
884.0
-936.0
-828.0
1160.0
656.0
-1544.0
-608.0
1764.0
464.0
-2036.0
-548.0
2036.0
520.0
-2048.0
-688.0
1704.0
776.0
-1408.0
-1028.0
796.0
1152.0
-284.0
-1380.0
-340.0
1396.0
768.0
-1456.0
-1220.0
1228.0
1308.0
-1000.0
-1360.0
496.0
1112.0
-56.0
-840.0
-568.0
336.0
1048.0
76.0
-1568.0
-620.0
1836.0
844.0
-2044.0
-1084.0
1852.0
1040.0
-1592.0
-980.0
1040.0
588.0
-496.0
-260.0
-252.0
-208.0
828.0
564.0
-1448.0
-932.0
1768.0
1052.0
-2020.0
-1176.0
1876.0
976.0
-1668.0
-848.0
1140.0
464.0
-620.0
-220.0
-120.0
-136.0
704.0
236.0
-1332.0
-368.0
1696.0
192.0
-2068.0
-76.0
2128.0
-356.0
-2180.0
676.0
1944.0
-996.0
-1784.0
1152.0
1408.0
-1392.0
-1124.0
1240.0
748.0
-1060.0
-536.0
592.0
196.0
-108.0
-48.0
-548.0
-232.0
1056.0
292.0
-1592.0
-528.0
1848.0
556.0
-2084.0
-716.0
1928.0
724.0
-1732.0
-840.0
1244.0
808.0
-816.0
-860.0
212.0
772.0
152.0
-768.0
-536.0
612.0
592.0
-600.0
-580.0
440.0
220.0
-484.0
128.0
376.0
-720.0
-460.0
1144.0
464.0
-1668.0
-624.0
1876.0
620.0
-2088.0
-832.0
1900.0
924.0
-1676.0
-1156.0
1140.0
1196.0
-692.0
-1404.0
20.0
1392.0
444.0
-1544.0
-920.0
1520.0
1052.0
-1660.0
-1136.0
1592.0
912.0
-1668.0
-652.0
1604.0
160.0
-1668.0
192.0
1532.0
-700.0
-1504.0
956.0
1276.0
-1224.0
-1180.0
1132.0
844.0
-1072.0
-664.0
728.0
288.0
-480.0
-100.0
4.0
-200.0
276.0
324.0
-644.0
-484.0
716.0
384.0
-860.0
-388.0
688.0
160.0
-628.0
-44.0
252.0
-260.0
-52.0
364.0
-324.0
-588.0
496.0
504.0
-756.0
-500.0
756.0
276.0
-828.0
-56.0
724.0
-328.0
-692.0
540.0
472.0
-856.0
-412.0
896.0
220.0
-976.0
-172.0
724.0
28.0
-528.0
-112.0
8.0
32.0
364.0
-152.0
-932.0
96.0
1284.0
-152.0
-1640.0
128.0
1648.0
-208.0
-1664.0
52.0
1304.0
-12.0
-960.0
-204.0
368.0
292.0
124.0
-484.0
-680.0
584.0
1008.0
-820.0
-1320.0
872.0
1264.0
-1040.0
-1180.0
980.0
784.0
-1092.0
-368.0
996.0
-244.0
-1004.0
716.0
840.0
-1300.0
-868.0
1620.0
676.0
-1968.0
-660.0
2000.0
460.0
-2048.0
-460.0
1812.0
168.0
-1672.0
-184.0
1248.0
-68.0
-952.0
204.0
448.0
-516.0
-132.0
656.0
-308.0
-968.0
560.0
1088.0
-912.0
-1376.0
1024.0
1364.0
-1236.0
-1508.0
1160.0
1336.0
-1136.0
-1232.0
832.0
896.0
-684.0
-624.0
204.0
176.0
104.0
148.0
-568.0
-600.0
844.0
812.0
-1120.0
-1124.0
1080.0
1120.0
-1068.0
-1184.0
720.0
948.0
-364.0
-800.0
-252.0
416.0
728.0
-120.0
-1304.0
-332.0
1648.0
512.0
-1980.0
-844.0
1916.0
940.0
-1800.0
-1096.0
1304.0
956.0
-864.0
-924.0
116.0
660.0
436.0
-532.0
-1120.0
192.0
1468.0
-44.0
-1840.0
-280.0
1764.0
360.0
-1668.0
-608.0
1248.0
592.0
-896.0
-748.0
300.0
644.0
60.0
-684.0
-504.0
480.0
632.0
-408.0
-792.0
120.0
584.0
12.0
-472.0
-368.0
116.0
528.0
36.0
-904.0
-336.0
1060.0
292.0
-1392.0
-312.0
1480.0
28.0
-1672.0
248.0
1580.0
-768.0
-1628.0
1112.0
1412.0
-1624.0
-1304.0
1812.0
988.0
-2076.0
-784.0
1972.0
464.0
-1908.0
-276.0
1524.0
-48.0
-1212.0
140.0
680.0
-340.0
-404.0
340.0
40.0
-484.0
36.0
420.0
-112.0
-492.0
-164.0
364.0
400.0
-372.0
-916.0
228.0
1256.0
-144.0
-1720.0
-128.0
1868.0
212.0
-2068.0
-584.0
1920.0
808.0
-1724.0
-1256.0
1200.0
1484.0
-776.0
-1844.0
116.0
1952.0
304.0
-2128.0
-820.0
2004.0
948.0
-1928.0
-1096.0
1524.0
852.0
-1216.0
-684.0
660.0
172.0
-228.0
216.0
-324.0
-744.0
616.0
1044.0
-984.0
-1384.0
1004.0
1348.0
-1032.0
-1312.0
704.0
944.0
-412.0
-644.0
-116.0
96.0
556.0
284.0
-1088.0
-752.0
1456.0
928.0
-1856.0
-1112.0
1960.0
1016.0
-2096.0
-864.0
1956.0
456.0
-1876.0
-132.0
1540.0
-364.0
-1400.0
640.0
1072.0
-1048.0
-976.0
1168.0
776.0
-1324.0
-840.0
1200.0
768.0
-1164.0
-928.0
920.0
940.0
-820.0
-1112.0
636.0
1120.0
-660.0
-1240.0
600.0
1104.0
-804.0
-1112.0
876.0
892.0
-1220.0
-748.0
1340.0
508.0
-1624.0
-376.0
1644.0
48.0
-1720.0
68.0
1504.0
-324.0
-1324.0
404.0
900.0
-624.0
-588.0
644.0
52.0
-828.0
288.0
860.0
-728.0
-988.0
880.0
972.0
-1160.0
-1116.0
1096.0
1112.0
-1152.0
-1228.0
956.0
1192.0
-912.0
-1252.0
736.0
1176.0
-712.0
-1212.0
620.0
1072.0
-776.0
-1036.0
836.0
840.0
-1096.0
-788.0
1252.0
508.0
-1536.0
-476.0
1600.0
232.0
-1740.0
-120.0
1600.0
-144.0
-1476.0
184.0
1116.0
-368.0
-772.0
396.0
232.0
-588.0
248.0
588.0
-848.0
-700.0
1224.0
664.0
-1676.0
-744.0
1840.0
680.0
-2048.0
-764.0
1944.0
696.0
-1920.0
-736.0
1584.0
628.0
-1376.0
-620.0
976.0
432.0
-716.0
-372.0
296.0
116.0
-120.0
-40.0
-168.0
-216.0
264.0
272.0
-472.0
-456.0
456.0
444.0
-544.0
-496.0
484.0
312.0
-484.0
-228.0
352.0
-72.0
-320.0
284.0
112.0
-620.0
-24.0
776.0
-248.0
-1032.0
360.0
1076.0
-692.0
-1172.0
856.0
1036.0
-1144.0
-944.0
1248.0
648.0
-1468.0
-440.0
1452.0
52.0
-1548.0
172.0
1368.0
-580.0
-1340.0
804.0
1016.0
-1116.0
-816.0
1248.0
412.0
-1464.0
-152.0
1480.0
-228.0
-1572.0
436.0
1476.0
-768.0
-1432.0
864.0
1164.0
-980.0
-1008.0
884.0
632.0
-836.0
-420.0
584.0
24.0
-436.0
140.0
64.0
-408.0
152.0
444.0
-516.0
-488.0
660.0
288.0
-944.0
-140.0
976.0
-240.0
-1140.0
472.0
1064.0
-868.0
-1140.0
1024.0
1020.0
-1204.0
-1036.0
1128.0
920.0
-1012.0
-976.0
592.0
872.0
-232.0
-960.0
-288.0
896.0
684.0
-992.0
-1144.0
932.0
1292.0
-1016.0
-1396.0
920.0
1184.0
-924.0
-944.0
792.0
336.0
-796.0
144.0
668.0
-816.0
-708.0
1268.0
608.0
-1768.0
-680.0
1928.0
648.0
-2036.0
-792.0
1808.0
824.0
-1572.0
-992.0
1060.0
960.0
-664.0
-1044.0
116.0
880.0
192.0
-816.0
-520.0
504.0
540.0
-292.0
-592.0
-144.0
360.0
436.0
-188.0
-896.0
-220.0
1160.0
436.0
-1516.0
-788.0
1664.0
868.0
-1816.0
-1096.0
1712.0
1028.0
-1692.0
-1016.0
1448.0
780.0
-1324.0
-712.0
992.0
460.0
-864.0
-368.0
556.0
120.0
-516.0
-92.0
352.0
-100.0
-428.0
40.0
436.0
-156.0
-620.0
96.0
764.0
-160.0
-1044.0
48.0
1208.0
-52.0
-1520.0
-80.0
1652.0
92.0
-1920.0
-272.0
1948.0
236.0
-2084.0
-516.0
1992.0
576.0
-1988.0
-740.0
1764.0
696.0
-1608.0
-852.0
1236.0
796.0
-996.0
-872.0
572.0
776.0
-312.0
-804.0
-164.0
700.0
428.0
-780.0
-860.0
744.0
1068.0
-872.0
-1416.0
916.0
1484.0
-1112.0
-1640.0
1188.0
1560.0
-1472.0
-1540.0
1516.0
1256.0
-1712.0
-1092.0
1724.0
652.0
-1772.0
-340.0
1700.0
-168.0
-1684.0
512.0
1452.0
-996.0
-1396.0
1264.0
1148.0
-1608.0
-1028.0
1732.0
676.0
-1848.0
-608.0
1696.0
316.0
-1620.0
-224.0
1288.0
-72.0
-1092.0
156.0
688.0
-388.0
-504.0
444.0
176.0
-624.0
-92.0
620.0
-48.0
-732.0
-72.0
640.0
60.0
-684.0
-216.0
568.0
280.0
-604.0
-468.0
484.0
400.0
-536.0
-452.0
420.0
252.0
-504.0
-188.0
460.0
-148.0
-584.0
312.0
512.0
-592.0
-600.0
676.0
472.0
-828.0
-440.0
740.0
220.0
-656.0
-128.0
340.0
-148.0
-140.0
264.0
-248.0
-476.0
432.0
500.0
-744.0
-588.0
776.0
388.0
-836.0
-288.0
576.0
-64.0
-424.0
308.0
-16.0
-696.0
296.0
912.0
-724.0
-1184.0
900.0
1240.0
-1144.0
-1296.0
1068.0
1064.0
-1024.0
-864.0
648.0
444.0
-376.0
-108.0
-96.0
-388.0
416.0
652.0
-840.0
-1072.0
1024.0
1140.0
-1180.0
-1308.0
1024.0
1172.0
-936.0
-1104.0
544.0
768.0
-288.0
-564.0
-152.0
184.0
400.0
20.0
-748.0
-380.0
804.0
476.0
-920.0
-692.0
784.0
640.0
-712.0
-724.0
472.0
548.0
-416.0
-524.0
224.0
312.0
-320.0
-260.0
308.0
20.0
-576.0
-16.0
724.0
-200.0
-1120.0
184.0
1280.0
-256.0
-1604.0
140.0
1656.0
-196.0
-1720.0
48.0
1480.0
48.0
-1280.0
-328.0
844.0
432.0
-460.0
-764.0
-48.0
924.0
364.0
-1244.0
-760.0
1408.0
840.0
-1672.0
-972.0
1732.0
804.0
-1912.0
-668.0
1852.0
300.0
-1904.0
-36.0
1712.0
-360.0
-1632.0
616.0
1328.0
-916.0
-1168.0
980.0
812.0
-1084.0
-632.0
920.0
276.0
-844.0
-136.0
548.0
-104.0
-336.0
148.0
-56.0
-312.0
308.0
220.0
-696.0
-272.0
904.0
100.0
-1244.0
-60.0
1328.0
-204.0
-1508.0
296.0
1468.0
-556.0
-1460.0
660.0
1248.0
-908.0
-1096.0
932.0
700.0
-1140.0
-440.0
1112.0
-40.0
-1252.0
340.0
1180.0
-728.0
-1228.0
840.0
1124.0
-1052.0
-1128.0
940.0
1000.0
-876.0
-992.0
500.0
848.0
-244.0
-848.0
-232.0
732.0
564.0
-784.0
-964.0
716.0
1092.0
-856.0
-1268.0
812.0
1152.0
-976.0
-1080.0
996.0
700.0
-1176.0
-392.0
1176.0
-64.0
-1288.0
392.0
1236.0
-872.0
-1216.0
1084.0
1044.0
-1360.0
-972.0
1396.0
656.0
-1512.0
-532.0
1432.0
216.0
-1440.0
-80.0
1272.0
-140.0
-1300.0
180.0
1180.0
-276.0
-1280.0
144.0
1232.0
-120.0
-1384.0
-56.0
1384.0
124.0
-1528.0
-320.0
1500.0
212.0
-1560.0
-184.0
1428.0
-84.0
-1404.0
228.0
1148.0
-632.0
-1036.0
916.0
708.0
-1324.0
-528.0
1484.0
200.0
-1712.0
-60.0
1592.0
-252.0
-1516.0
368.0
1136.0
-612.0
-792.0
644.0
252.0
-820.0
140.0
836.0
-648.0
-976.0
872.0
936.0
-1136.0
-1040.0
1088.0
1008.0
-1064.0
-1104.0
732.0
1016.0
-560.0
-1052.0
88.0
908.0
152.0
-900.0
-408.0
700.0
404.0
-620.0
-484.0
336.0
232.0
-248.0
-44.0
-4.0
-352.0
56.0
632.0
-224.0
-1072.0
184.0
1288.0
-232.0
-1560.0
52.0
1580.0
48.0
-1668.0
-348.0
1496.0
464.0
-1432.0
-784.0
1184.0
896.0
-1076.0
-1124.0
848.0
1088.0
-768.0
-1184.0
660.0
1020.0
-696.0
-956.0
604.0
684.0
-736.0
-588.0
660.0
332.0
-716.0
-292.0
644.0
104.0
-672.0
-224.0
492.0
236.0
-428.0
-488.0
220.0
644.0
-124.0
-968.0
-152.0
1176.0
264.0
-1484.0
-536.0
1604.0
644.0
-1792.0
-936.0
1716.0
1068.0
-1740.0
-1304.0
1532.0
1388.0
-1360.0
-1548.0
984.0
1508.0
-720.0
-1572.0
264.0
1412.0
72.0
-1312.0
-512.0
1004.0
828.0
-776.0
-1200.0
412.0
1420.0
-100.0
-1648.0
-336.0
1684.0
532.0
-1788.0
-856.0
1600.0
972.0
-1508.0
-1220.0
1132.0
1208.0
-900.0
-1360.0
452.0
1328.0
-136.0
-1432.0
-304.0
1420.0
548.0
-1592.0
-924.0
1620.0
1040.0
-1848.0
-1252.0
1892.0
1228.0
-2032.0
-1284.0
2040.0
1092.0
-2120.0
-1040.0
1920.0
780.0
-1828.0
-664.0
1496.0
424.0
-1200.0
-368.0
704.0
144.0
-340.0
-148.0
-180.0
-16.0
552.0
-48.0
-1020.0
-24.0
1292.0
-140.0
-1640.0
112.0
1752.0
-288.0
-1948.0
344.0
1888.0
-560.0
-1900.0
588.0
1664.0
-808.0
-1528.0
816.0
1136.0
-980.0
-892.0
912.0
432.0
-968.0
-128.0
820.0
-284.0
-800.0
496.0
580.0
-760.0
-512.0
748.0
264.0
-760.0
-180.0
496.0
-52.0
-252.0
100.0
-192.0
-276.0
604.0
316.0
-1100.0
-480.0
1416.0
528.0
-1744.0
-644.0
1828.0
660.0
-1852.0
-856.0
1580.0
888.0
-1304.0
-1068.0
752.0
1064.0
-288.0
-1168.0
-332.0
1064.0
776.0
-1056.0
-1240.0
864.0
1512.0
-688.0
-1752.0
384.0
1772.0
-160.0
-1808.0
-180.0
1672.0
408.0
-1616.0
-692.0
1464.0
772.0
-1480.0
-912.0
1440.0
824.0
-1532.0
-764.0
1584.0
544.0
-1760.0
-396.0
1764.0
176.0
-1844.0
-16.0
1720.0
-200.0
-1640.0
200.0
1320.0
-224.0
-1084.0
96.0
680.0
0.0
-380.0
-216.0
-12.0
356.0
232.0
-556.0
-416.0
620.0
400.0
-724.0
-352.0
660.0
124.0
-672.0
108.0
480.0
-480.0
-380.0
764.0
144.0
-1112.0
-16.0
1284.0
-164.0
-1476.0
212.0
1508.0
-304.0
-1496.0
236.0
1344.0
-252.0
-1180.0
164.0
900.0
-192.0
-704.0
176.0
400.0
-332.0
-248.0
428.0
-4.0
-692.0
56.0
916.0
-176.0
-1228.0
180.0
1424.0
-228.0
-1648.0
132.0
1688.0
-116.0
-1688.0
4.0
1452.0
20.0
-1184.0
-140.0
728.0
136.0
-284.0
-232.0
-280.0
180.0
728.0
-196.0
-1172.0
92.0
1412.0
-60.0
-1600.0
-108.0
1560.0
204.0
-1500.0
-432.0
1224.0
536.0
-976.0
-816.0
572.0
956.0
-304.0
-1172.0
36.0
1280.0
128.0
-1444.0
-332.0
1480.0
332.0
-1536.0
-372.0
1444.0
252.0
-1408.0
-264.0
1200.0
156.0
-976.0
-156.0
644.0
84.0
-368.0
-164.0
-48.0
164.0
384.0
-276.0
-796.0
268.0
1044.0
-348.0
-1340.0
240.0
1416.0
-216.0
-1496.0
40.0
1344.0
68.0
-1216.0
-376.0
880.0
548.0
-584.0
-856.0
140.0
1100.0
208.0
-1368.0
-576.0
1536.0
780.0
-1764.0
-1064.0
1824.0
1176.0
-1884.0
-1248.0
1800.0
1176.0
-1760.0
-1152.0
1552.0
1040.0
-1372.0
-1008.0
1068.0
908.0
-792.0
-944.0
392.0
908.0
-112.0
-968.0
-260.0
964.0
516.0
-1048.0
-784.0
1016.0
904.0
-1048.0
-1068.0
932.0
1016.0
-884.0
-1020.0
700.0
840.0
-608.0
-728.0
444.0
444.0
-356.0
-240.0
232.0
-84.0
-256.0
320.0
228.0
-644.0
-312.0
800.0
380.0
-1052.0
-520.0
1156.0
568.0
-1308.0
-736.0
1240.0
828.0
-1252.0
-940.0
1056.0
936.0
-900.0
-1044.0
592.0
984.0
-332.0
-1008.0
-24.0
876.0
268.0
-792.0
-544.0
536.0
624.0
-308.0
-712.0
-68.0
604.0
420.0
-492.0
-916.0
196.0
1268.0
32.0
-1700.0
-392.0
1908.0
600.0
-2112.0
-868.0
2060.0
824.0
-1968.0
-872.0
1556.0
700.0
-1096.0
-512.0
456.0
176.0
124.0
96.0
-788.0
-440.0
1292.0
624.0
-1708.0
-844.0
1868.0
836.0
-1904.0
-868.0
1652.0
624.0
-1336.0
-456.0
804.0
88.0
-308.0
208.0
-276.0
-600.0
708.0
884.0
-1048.0
-1248.0
1160.0
1448.0
-1192.0
-1704.0
964.0
1808.0
-772.0
-1940.0
272.0
1900.0
108.0
-1900.0
-552.0
1772.0
824.0
-1680.0
-1192.0
1432.0
1336.0
-1300.0
-1488.0
1072.0
1400.0
-944.0
-1372.0
768.0
1196.0
-756.0
-1088.0
724.0
920.0
-848.0
-824.0
912.0
668.0
-1160.0
-600.0
1296.0
444.0
-1520.0
-380.0
1596.0
240.0
-1672.0
-212.0
1584.0
32.0
-1428.0
40.0
1104.0
-184.0
-740.0
236.0
252.0
-348.0
208.0
312.0
-680.0
-336.0
1036.0
176.0
-1380.0
-68.0
1492.0
-152.0
-1524.0
292.0
1356.0
-568.0
-1144.0
716.0
760.0
-972.0
-380.0
1028.0
-120.0
-1140.0
576.0
1112.0
-1044.0
-1144.0
1408.0
1008.0
-1788.0
-972.0
2000.0
832.0
-2184.0
-784.0
2184.0
676.0
-2148.0
-696.0
1896.0
652.0
-1628.0
-772.0
1232.0
824.0
-832.0
-1032.0
332.0
1100.0
32.0
-1352.0
-480.0
1448.0
720.0
-1644.0
-868.0
1700.0
828.0
-1756.0
-756.0
1688.0
412.0
-1672.0
-96.0
1488.0
-428.0
-1380.0
840.0
1124.0
-1320.0
-972.0
1644.0
724.0
-1956.0
-604.0
2060.0
408.0
-2136.0
-316.0
1960.0
184.0
-1876.0
-152.0
1632.0
56.0
-1484.0
-84.0
1240.0
-32.0
-1212.0
-12.0
1120.0
-100.0
-1200.0
84.0
1220.0
-212.0
-1380.0
132.0
1436.0
-188.0
-1548.0
136.0
1480.0
-180.0
-1512.0
56.0
1332.0
8.0
-1164.0
-172.0
888.0
220.0
-636.0
-392.0
312.0
424.0
-68.0
-572.0
-204.0
576.0
356.0
-660.0
-584.0
592.0
608.0
-616.0
-724.0
552.0
636.0
-564.0
-620.0
508.0
468.0
-528.0
-400.0
500.0
168.0
-540.0
24.0
504.0
-288.0
-552.0
496.0
472.0
-820.0
-492.0
992.0
352.0
-1276.0
-232.0
1372.0
-8.0
-1484.0
160.0
1408.0
-448.0
-1364.0
680.0
1112.0
-972.0
-896.0
1132.0
568.0
-1332.0
-324.0
1400.0
-28.0
-1452.0
248.0
1308.0
-500.0
-1232.0
612.0
952.0
-732.0
-712.0
740.0
312.0
-796.0
12.0
804.0
-436.0
-880.0
784.0
908.0
-1152.0
-1052.0
1428.0
1116.0
-1732.0
-1292.0
1896.0
1296.0
-2008.0
-1444.0
1984.0
1284.0
-1984.0
-1124.0
1776.0
820.0
-1540.0
-524.0
1160.0
64.0
-820.0
320.0
340.0
-812.0
8.0
1104.0
-440.0
-1356.0
688.0
1332.0
-960.0
-1316.0
1032.0
964.0
-1076.0
-624.0
936.0
56.0
-820.0
424.0
504.0
-984.0
-328.0
1328.0
28.0
-1644.0
136.0
1648.0
-320.0
-1572.0
336.0
1228.0
-392.0
-884.0
316.0
356.0
-272.0
64.0
160.0
-512.0
-128.0
720.0
60.0
-908.0
-156.0
784.0
216.0
-624.0
-416.0
244.0
536.0
120.0
-792.0
-636.0
864.0
960.0
-1056.0
-1308.0
1036.0
1388.0
-1044.0
-1460.0
896.0
1248.0
-776.0
-1048.0
552.0
676.0
-432.0
-428.0
272.0
100.0
-284.0
8.0
304.0
-120.0
-532.0
-40.0
728.0
168.0
-1108.0
-500.0
1372.0
696.0
-1720.0
-1024.0
1856.0
1100.0
-2040.0
-1144.0
1916.0
952.0
-1732.0
-784.0
1280.0
356.0
-832.0
-48.0
172.0
-456.0
408.0
712.0
-1052.0
-1032.0
1476.0
1028.0
-1900.0
-1028.0
2036.0
748.0
-2172.0
-480.0
2040.0
-28.0
-1924.0
348.0
1572.0
-756.0
-1376.0
940.0
1040.0
-1124.0
-920.0
996.0
676.0
-888.0
-688.0
500.0
604.0
-160.0
-660.0
-340.0
592.0
720.0
-612.0
-1120.0
428.0
1308.0
-336.0
-1520.0
-36.0
1468.0
320.0
-1408.0
-736.0
1100.0
1052.0
-872.0
-1436.0
400.0
1636.0
4.0
-1840.0
-492.0
1780.0
892.0
-1700.0
-1356.0
1392.0
1628.0
-1128.0
-1968.0
640.0
2064.0
-304.0
-2184.0
-160.0
2056.0
448.0
-1940.0
-800.0
1564.0
924.0
-1232.0
-1088.0
700.0
1020.0
-268.0
-1012.0
-312.0
792.0
692.0
-668.0
-1128.0
344.0
1304.0
-148.0
-1504.0
-240.0
1436.0
460.0
-1384.0
-824.0
1096.0
1004.0
-916.0
-1256.0
556.0
1348.0
-332.0
-1484.0
52.0
1396.0
4.0
-1372.0
-124.0
1136.0
0.0
-984.0
68.0
660.0
-332.0
-460.0
540.0
132.0
-924.0
-16.0
1180.0
-172.0
-1532.0
132.0
1728.0
-148.0
-2024.0
-28.0
2092.0
68.0
-2216.0
-448.0
2112.0
576.0
-2080.0
-784.0
1840.0
804.0
-1648.0
-932.0
1272.0
836.0
-988.0
-856.0
552.0
664.0
-304.0
-648.0
-56.0
464.0
188.0
-496.0
-368.0
400.0
300.0
-528.0
-272.0
560.0
-4.0
-768.0
172.0
816.0
-512.0
-1048.0
672.0
1064.0
-940.0
-1208.0
