1248.0
-932.0
-1080.0
944.0
1056.0
-616.0
-776.0
392.0
636.0
120.0
-244.0
-464.0
8.0
1024.0
388.0
-1364.0
-552.0
1784.0
928.0
-1904.0
-1100.0
2108.0
1396.0
-1964.0
-1408.0
1968.0
1576.0
-1640.0
-1476.0
1468.0
1508.0
-1100.0
-1220.0
864.0
1084.0
-500.0
-676.0
352.0
408.0
-80.0
84.0
36.0
-380.0
156.0
876.0
-40.0
-1060.0
100.0
1420.0
80.0
-1464.0
-92.0
1600.0
356.0
-1472.0
-404.0
1468.0
628.0
-1192.0
-728.0
1128.0
944.0
-872.0
-936.0
856.0
1092.0
-704.0
-972.0
760.0
996.0
-716.0
-740.0
908.0
628.0
-904.0
-212.0
1104.0
20.0
-1088.0
440.0
1244.0
-724.0
-1120.0
1160.0
1156.0
-1364.0
-916.0
1716.0
876.0
-1744.0
-560.0
1932.0
452.0
-1768.0
-140.0
1744.0
80.0
-1388.0
172.0
1176.0
-164.0
-700.0
376.0
384.0
-280.0
152.0
380.0
-436.0
-236.0
904.0
248.0
-1100.0
0.0
1416.0
-12.0
-1420.0
248.0
1568.0
-292.0
-1416.0
532.0
1384.0
-528.0
-1072.0
716.0
936.0
-612.0
-536.0
704.0
368.0
-512.0
32.0
508.0
-132.0
-220.0
428.0
144.0
-424.0
148.0
604.0
-236.0
-472.0
512.0
476.0
-508.0
-232.0
656.0
180.0
-536.0
156.0
528.0
-248.0
-284.0
604.0
196.0
-668.0
172.0
940.0
-328.0
-952.0
768.0
1140.0
-916.0
-1076.0
1264.0
1180.0
-1348.0
-1040.0
1668.0
1072.0
-1652.0
-880.0
1856.0
964.0
-1736.0
-748.0
1828.0
824.0
-1604.0
-732.0
1544.0
864.0
-1236.0
-780.0
1120.0
996.0
-728.0
-972.0
560.0
1200.0
-204.0
-1216.0
124.0
1412.0
160.0
-1364.0
-132.0
1520.0
296.0
-1400.0
-184.0
1432.0
256.0
-1204.0
-80.0
1164.0
156.0
-848.0
-4.0
676.0
164.0
-280.0
-180.0
100.0
448.0
332.0
-540.0
-488.0
852.0
836.0
-880.0
-904.0
1132.0
1132.0
-1028.0
-1044.0
1084.0
1136.0
-792.0
-896.0
660.0
884.0
-192.0
-516.0
-24.0
420.0
484.0
-56.0
-620.0
-36.0
880.0
344.0
-748.0
-344.0
728.0
520.0
-360.0
-396.0
172.0
484.0
288.0
-220.0
-492.0
192.0
844.0
104.0
-824.0
-164.0
904.0
516.0
-560.0
-644.0
352.0
960.0
156.0
-1032.0
-436.0
1356.0
964.0
-1392.0
-1060.0
1656.0
1248.0
-1608.0
-1016.0
1776.0
828.0
-1644.0
-248.0
1724.0
-220.0
-1480.0
932.0
1456.0
-1340.0
-1136.0
1880.0
1088.0
-1960.0
-748.0
2064.0
640.0
-1672.0
-296.0
1348.0
224.0
-620.0
92.0
40.0
-140.0
772.0
468.0
-1272.0
-464.0
1872.0
760.0
-2016.0
-824.0
2176.0
1136.0
-1900.0
-1160.0
1708.0
1416.0
-1172.0
-1376.0
812.0
1584.0
-224.0
-1464.0
-36.0
1500.0
444.0
-1268.0
-436.0
1252.0
556.0
-968.0
-332.0
896.0
316.0
-612.0
-36.0
628.0
40.0
-428.0
132.0
544.0
56.0
-516.0
-72.0
748.0
448.0
-828.0
-572.0
1160.0
956.0
-1180.0
-1032.0
1504.0
1256.0
-1504.0
-1060.0
1748.0
1036.0
-1640.0
-628.0
1724.0
364.0
-1476.0
228.0
1432.0
-576.0
-1048.0
1124.0
852.0
-1276.0
-412.0
1592.0
144.0
-1528.0
352.0
1568.0
-600.0
-1244.0
1060.0
1084.0
-1240.0
-632.0
1588.0
472.0
-1532.0
-76.0
1688.0
-16.0
-1444.0
248.0
1352.0
-136.0
-892.0
184.0
652.0
56.0
-96.0
-128.0
-224.0
444.0
764.0
-528.0
-920.0
856.0
1256.0
-868.0
-1232.0
1060.0
1336.0
-988.0
-1060.0
1132.0
984.0
-988.0
-616.0
1044.0
496.0
-784.0
-180.0
780.0
160.0
-508.0
4.0
440.0
204.0
-136.0
-240.0
92.0
600.0
160.0
-752.0
-164.0
1164.0
280.0
-1268.0
-116.0
1588.0
92.0
-1580.0
228.0
1752.0
-316.0
-1580.0
692.0
1536.0
-780.0
-1308.0
1084.0
1280.0
-1056.0
-988.0
1196.0
988.0
-896.0
-796.0
764.0
860.0
-268.0
-708.0
-44.0
796.0
612.0
-604.0
-892.0
636.0
1340.0
-340.0
-1416.0
256.0
1604.0
160.0
-1412.0
-352.0
1284.0
808.0
-824.0
-1016.0
564.0
1416.0
24.0
-1516.0
-300.0
1756.0
812.0
-1664.0
-944.0
1728.0
1252.0
-1452.0
-1192.0
1328.0
1284.0
-972.0
-1048.0
748.0
1012.0
-288.0
-708.0
116.0
644.0
284.0
-336.0
-388.0
288.0
712.0
-4.0
-716.0
48.0
928.0
164.0
-816.0
-108.0
908.0
304.0
-708.0
-184.0
692.0
316.0
-392.0
-156.0
304.0
212.0
24.0
-16.0
-116.0
44.0
436.0
192.0
-464.0
-160.0
664.0
364.0
-560.0
-308.0
656.0
448.0
-420.0
-288.0
416.0
384.0
-104.0
-220.0
40.0
352.0
268.0
-224.0
-244.0
436.0
436.0
-396.0
-280.0
692.0
376.0
-780.0
-132.0
1140.0
140.0
-1216.0
128.0
1536.0
-72.0
-1500.0
228.0
1636.0
-80.0
-1420.0
112.0
1364.0
208.0
-980.0
-308.0
820.0
668.0
-404.0
-800.0
288.0
1140.0
48.0
-1224.0
-36.0
1488.0
152.0
-1380.0
72.0
1492.0
-108.0
-1280.0
476.0
1188.0
-632.0
-904.0
1020.0
760.0
-1124.0
-316.0
1440.0
100.0
-1420.0
352.0
1564.0
-516.0
-1396.0
940.0
1372.0
-1100.0
-1044.0
1408.0
916.0
-1408.0
-516.0
1596.0
308.0
-1444.0
160.0
1468.0
-380.0
-1148.0
864.0
968.0
-1040.0
-576.0
1392.0
404.0
-1480.0
-28.0
1668.0
-36.0
-1536.0
244.0
1520.0
-156.0
-1180.0
160.0
972.0
132.0
-512.0
-244.0
264.0
588.0
168.0
-648.0
-288.0
860.0
484.0
-744.0
-396.0
708.0
360.0
-348.0
-16.0
148.0
-248.0
340.0
680.0
-560.0
-920.0
936.0
1272.0
-1008.0
-1296.0
1120.0
1364.0
-904.0
-1108.0
680.0
872.0
-216.0
-352.0
-212.0
-12.0
764.0
520.0
-1160.0
-768.0
1588.0
1068.0
-1780.0
-1020.0
1960.0
952.0
-1836.0
-588.0
1732.0
236.0
-1348.0
320.0
1072.0
-696.0
-636.0
1232.0
296.0
-1452.0
136.0
1732.0
-332.0
-1676.0
620.0
1660.0
-668.0
-1384.0
824.0
1132.0
-760.0
-748.0
772.0
512.0
-652.0
-152.0
588.0
52.0
-388.0
124.0
304.0
-116.0
-76.0
188.0
-36.0
-112.0
236.0
156.0
-324.0
-76.0
520.0
168.0
-552.0
-172.0
660.0
316.0
-656.0
-380.0
684.0
596.0
-640.0
-680.0
672.0
900.0
-588.0
-932.0
700.0
1068.0
-740.0
-1064.0
912.0
1192.0
-1000.0
-1120.0
1232.0
1184.0
-1388.0
-1096.0
1632.0
1112.0
-1696.0
-996.0
1816.0
948.0
-1752.0
-760.0
1720.0
704.0
-1468.0
-516.0
1272.0
444.0
-908.0
-292.0
656.0
328.0
-256.0
-248.0
0.0
376.0
328.0
-476.0
-492.0
720.0
692.0
-908.0
-724.0
1232.0
812.0
-1400.0
-828.0
1636.0
868.0
-1712.0
-756.0
1816.0
752.0
-1716.0
-696.0
1616.0
744.0
-1288.0
-644.0
1068.0
696.0
-704.0
-620.0
400.0
648.0
-64.0
-580.0
-144.0
576.0
388.0
-460.0
-428.0
460.0
532.0
-292.0
-456.0
244.0
452.0
-48.0
-232.0
-80.0
144.0
320.0
128.0
-452.0
-280.0
772.0
564.0
-908.0
-720.0
1208.0
960.0
-1384.0
-1044.0
1556.0
1236.0
-1620.0
-1120.0
1744.0
1032.0
-1644.0
-788.0
1644.0
592.0
-1448.0
-128.0
1332.0
-212.0
-1016.0
732.0
852.0
-1044.0
-568.0
1400.0
332.0
-1532.0
-12.0
1652.0
-144.0
-1488.0
420.0
1356.0
-536.0
-976.0
708.0
692.0
-716.0
-292.0
808.0
132.0
-704.0
44.0
692.0
4.0
-492.0
-108.0
404.0
464.0
-168.0
-768.0
100.0
1224.0
144.0
-1472.0
-168.0
1772.0
204.0
-1744.0
-64.0
1680.0
4.0
-1292.0
272.0
856.0
-424.0
-148.0
752.0
-452.0
-892.0
1124.0
1100.0
-1564.0
-1056.0
1952.0
1016.0
-1972.0
-772.0
1936.0
536.0
-1528.0
-88.0
1132.0
-272.0
-480.0
728.0
-8.0
-996.0
628.0
1296.0
-932.0
-1288.0
1224.0
1240.0
-1192.0
-936.0
1152.0
632.0
-760.0
-108.0
436.0
-248.0
64.0
772.0
-416.0
-1056.0
900.0
1320.0
-1116.0
-1312.0
1368.0
1292.0
-1396.0
-1000.0
1448.0
692.0
-1320.0
-168.0
1260.0
-192.0
-1092.0
700.0
1052.0
-996.0
-856.0
1340.0
876.0
-1436.0
-740.0
1576.0
760.0
-1432.0
-600.0
1428.0
588.0
-1264.0
-368.0
1224.0
232.0
-1112.0
56.0
1172.0
-232.0
-1152.0
600.0
1284.0
-792.0
-1268.0
1128.0
1432.0
-1272.0
-1380.0
1528.0
1340.0
-1604.0
-1044.0
1792.0
864.0
-1716.0
-400.0
1768.0
48.0
-1652.0
448.0
1636.0
-772.0
-1464.0
1108.0
1408.0
-1196.0
-1172.0
1244.0
1092.0
-936.0
-852.0
660.0
756.0
-132.0
-508.0
-304.0
428.0
932.0
-228.0
-1264.0
172.0
1648.0
8.0
-1680.0
-4.0
1684.0
120.0
-1340.0
-88.0
1012.0
212.0
-476.0
-160.0
80.0
316.0
404.0
-304.0
-544.0
500.0
680.0
-524.0
-468.0
712.0
220.0
-728.0
316.0
912.0
-764.0
-900.0
1396.0
1000.0
-1728.0
-904.0
2052.0
904.0
-1996.0
-692.0
1892.0
660.0
-1396.0
-372.0
908.0
284.0
-128.0
20.0
-464.0
-164.0
1188.0
436.0
-1584.0
-588.0
1972.0
844.0
-1984.0
-964.0
1888.0
1192.0
-1456.0
-1196.0
1068.0
1360.0
-376.0
-1272.0
-160.0
1272.0
796.0
-1052.0
-1176.0
900.0
1612.0
-520.0
-1772.0
276.0
1968.0
156.0
-1900.0
-396.0
1928.0
748.0
-1732.0
-836.0
1704.0
1000.0
-1524.0
-852.0
1496.0
788.0
-1356.0
-416.0
1384.0
160.0
-1280.0
268.0
1332.0
-516.0
-1196.0
860.0
1248.0
-956.0
-1112.0
1076.0
1136.0
-932.0
-980.0
820.0
1008.0
-488.0
-808.0
276.0
856.0
112.0
-696.0
-248.0
700.0
464.0
-516.0
-376.0
516.0
380.0
-316.0
-60.0
312.0
-164.0
-100.0
624.0
100.0
-888.0
52.0
1300.0
0.0
-1420.0
108.0
1644.0
44.0
-1524.0
-8.0
1476.0
212.0
-1112.0
-240.0
900.0
428.0
-432.0
-436.0
140.0
604.0
308.0
-532.0
-476.0
588.0
776.0
-400.0
-800.0
364.0
940.0
-36.0
-832.0
-140.0
872.0
524.0
-676.0
-704.0
752.0
1100.0
-596.0
-1276.0
696.0
1608.0
-564.0
-1668.0
696.0
1856.0
-600.0
-1772.0
636.0
1824.0
-436.0
-1588.0
420.0
1436.0
-104.0
-1068.0
-80.0
840.0
440.0
-396.0
-608.0
136.0
940.0
320.0
-984.0
-548.0
1172.0
932.0
-1016.0
-1016.0
968.0
1224.0
-656.0
-1100.0
460.0
1140.0
-40.0
-880.0
-152.0
748.0
528.0
-356.0
-576.0
156.0
740.0
264.0
-560.0
-484.0
520.0
860.0
-144.0
-956.0
-28.0
1200.0
468.0
-1160.0
-668.0
1212.0
1032.0
-996.0
-1080.0
916.0
1220.0
-560.0
-1048.0
364.0
1004.0
72.0
-600.0
-324.0
400.0
772.0
72.0
-992.0
-304.0
1384.0
756.0
-1508.0
-860.0
1812.0
1136.0
-1832.0
-1116.0
2040.0
1192.0
-1968.0
-944.0
2012.0
880.0
-1752.0
-472.0
1732.0
200.0
-1448.0
280.0
1348.0
-512.0
-1024.0
976.0
932.0
-1140.0
-628.0
1520.0
608.0
-1588.0
-440.0
1784.0
576.0
-1684.0
-572.0
1672.0
872.0
-1360.0
-1008.0
1208.0
1376.0
-764.0
-1552.0
504.0
1880.0
-40.0
-1916.0
-212.0
2032.0
656.0
-1820.0
-792.0
1668.0
1072.0
-1168.0
-1056.0
792.0
1168.0
-124.0
-968.0
-344.0
884.0
956.0
-508.0
-1244.0
352.0
1576.0
140.0
-1572.0
-380.0
1620.0
856.0
-1320.0
-1036.0
1152.0
1408.0
-672.0
-1432.0
448.0
1624.0
-12.0
-1460.0
-100.0
1428.0
332.0
-1040.0
-252.0
776.0
268.0
-256.0
-36.0
-60.0
12.0
644.0
212.0
-936.0
-184.0
1356.0
268.0
-1504.0
-24.0
1732.0
-84.0
-1604.0
500.0
1640.0
-776.0
-1316.0
1156.0
1244.0
-1384.0
-912.0
1724.0
784.0
-1776.0
-520.0
1936.0
600.0
-1780.0
-504.0
1756.0
684.0
-1476.0
-692.0
1372.0
980.0
-1020.0
-1036.0
960.0
1260.0
-700.0
-1224.0
700.0
1336.0
-580.0
-1164.0
696.0
1192.0
-624.0
-948.0
812.0
988.0
-756.0
-808.0
924.0
936.0
-840.0
-876.0
976.0
1100.0
-820.0
-1160.0
884.0
1440.0
-704.0
-1484.0
624.0
1712.0
-360.0
-1640.0
336.0
1680.0
-16.0
-1392.0
-120.0
1232.0
480.0
-792.0
-612.0
528.0
960.0
-48.0
-1088.0
-212.0
1416.0
644.0
-1456.0
-732.0
1712.0
984.0
-1660.0
-904.0
1768.0
1004.0
-1588.0
-768.0
1588.0
772.0
-1304.0
-524.0
1180.0
492.0
-816.0
-248.0
656.0
268.0
-288.0
-64.0
152.0
156.0
156.0
-32.0
-208.0
196.0
420.0
-100.0
-344.0
324.0
428.0
-344.0
-220.0
616.0
188.0
-640.0
96.0
936.0
-256.0
-952.0
648.0
1180.0
-824.0
-1124.0
1216.0
1232.0
-1352.0
-1008.0
1676.0
936.0
-1740.0
-544.0
1984.0
316.0
-1924.0
196.0
2012.0
-420.0
-1800.0
844.0
1740.0
-948.0
-1384.0
1168.0
1240.0
-980.0
-760.0
920.0
540.0
-496.0
-68.0
216.0
-176.0
292.0
580.0
-576.0
-724.0
976.0
1004.0
-1052.0
-1016.0
1144.0
1208.0
-836.0
-1076.0
632.0
1092.0
-104.0
-856.0
-292.0
788.0
876.0
-472.0
-1200.0
356.0
1576.0
-32.0
-1604.0
-132.0
1684.0
480.0
-1372.0
-596.0
1180.0
920.0
-692.0
-992.0
420.0
1252.0
-8.0
-1272.0
-92.0
1432.0
284.0
-1380.0
-120.0
1468.0
36.0
-1304.0
388.0
1272.0
-648.0
-1072.0
1124.0
1072.0
-1392.0
-800.0
1800.0
760.0
-1884.0
-572.0
2088.0
620.0
-1988.0
-468.0
1992.0
472.0
-1776.0
-340.0
1696.0
388.0
-1440.0
-216.0
1360.0
152.0
-1152.0
92.0
1160.0
-212.0
-976.0
488.0
984.0
-608.0
-844.0
828.0
832.0
-808.0
-612.0
892.0
524.0
-696.0
-220.0
600.0
72.0
-276.0
248.0
0.0
-440.0
424.0
728.0
-648.0
-844.0
928.0
1032.0
-1028.0
-1048.0
1100.0
1128.0
-864.0
-1028.0
656.0
1028.0
-236.0
-824.0
-160.0
740.0
656.0
-504.0
-1000.0
400.0
1388.0
-156.0
-1480.0
28.0
1596.0
236.0
-1448.0
-328.0
1304.0
532.0
-924.0
-604.0
624.0
740.0
-176.0
-688.0
-84.0
712.0
420.0
-528.0
-492.0
460.0
668.0
-188.0
-540.0
16.0
488.0
288.0
-216.0
-424.0
84.0
620.0
204.0
-624.0
-324.0
692.0
580.0
-492.0
-616.0
384.0
776.0
-52.0
-736.0
-192.0
816.0
584.0
-736.0
-796.0
784.0
1140.0
-720.0
-1228.0
736.0
1432.0
-664.0
-1400.0
696.0
1444.0
-568.0
-1320.0
560.0
1356.0
-380.0
-1216.0
316.0
1264.0
-84.0
-1192.0
12.0
1352.0
224.0
-1344.0
-252.0
1524.0
344.0
-1540.0
-288.0
1676.0
328.0
-1608.0
-108.0
1644.0
12.0
-1392.0
252.0
1300.0
-364.0
-956.0
684.0
744.0
-804.0
-388.0
1068.0
248.0
-1108.0
20.0
1280.0
-48.0
-1260.0
144.0
1372.0
0.0
-1280.0
-64.0
1268.0
332.0
-1084.0
-520.0
1020.0
852.0
-744.0
-1020.0
556.0
1320.0
-184.0
-1380.0
-68.0
1588.0
512.0
-1576.0
-772.0
1668.0
1112.0
-1552.0
-1316.0
1500.0
1536.0
-1244.0
-1408.0
1140.0
1332.0
-776.0
-976.0
548.0
668.0
-168.0
-132.0
-84.0
-256.0
456.0
776.0
-620.0
-1052.0
896.0
1336.0
-900.0
-1280.0
992.0
1248.0
-784.0
-836.0
664.0
508.0
-296.0
76.0
68.0
-472.0
344.0
996.0
-584.0
-1196.0
912.0
1384.0
-984.0
-1204.0
1160.0
1080.0
-1060.0
-560.0
1100.0
80.0
-888.0
556.0
892.0
-1000.0
-652.0
1592.0
656.0
-1832.0
-584.0
2104.0
756.0
-2004.0
-800.0
1908.0
1080.0
-1496.0
-1172.0
1208.0
1432.0
-644.0
-1464.0
304.0
1588.0
168.0
-1448.0
-416.0
1416.0
760.0
-1104.0
-824.0
936.0
1028.0
-524.0
-972.0
352.0
1108.0
-24.0
-1056.0
-4.0
1208.0
168.0
-1192.0
-28.0
1404.0
40.0
-1416.0
220.0
1588.0
-308.0
-1544.0
616.0
1596.0
-672.0
-1396.0
968.0
1300.0
-932.0
-968.0
1036.0
792.0
-896.0
-344.0
888.0
112.0
-712.0
264.0
692.0
-392.0
-452.0
648.0
440.0
-592.0
-176.0
648.0
144.0
-460.0
84.0
404.0
-112.0
-112.0
304.0
16.0
-272.0
288.0
424.0
-384.0
-312.0
616.0
412.0
-620.0
-228.0
792.0
240.0
-716.0
-24.0
824.0
44.0
-692.0
128.0
772.0
-24.0
-596.0
84.0
636.0
180.0
-440.0
-328.0
452.0
728.0
-268.0
-948.0
300.0
1364.0
-112.0
-1508.0
148.0
1748.0
-12.0
-1668.0
96.0
1616.0
80.0
-1184.0
-24.0
876.0
192.0
-252.0
-164.0
-180.0
396.0
780.0
-416.0
-1040.0
672.0
1376.0
-736.0
-1312.0
1028.0
1280.0
-1068.0
-872.0
1312.0
556.0
-1296.0
24.0
1452.0
-384.0
-1320.0
888.0
1316.0
-1048.0
-1052.0
1216.0
984.0
-968.0
-632.0
792.0
452.0
-228.0
-76.0
-180.0
-56.0
856.0
432.0
-1252.0
-508.0
1788.0
776.0
-1960.0
-796.0
2220.0
996.0
-2088.0
-868.0
2068.0
956.0
-1776.0
-728.0
1652.0
692.0
-1320.0
-360.0
1264.0
212.0
-1068.0
228.0
1168.0
-440.0
-1124.0
868.0
1328.0
-1076.0
-1340.0
1332.0
1556.0
-1304.0
-1428.0
1392.0
1444.0
-1080.0
-1164.0
828.0
984.0
-256.0
-532.0
-192.0
244.0
840.0
248.0
-1268.0
-496.0
1772.0
856.0
-1876.0
-880.0
2008.0
1008.0
-1720.0
-800.0
1396.0
708.0
-716.0
-292.0
168.0
88.0
628.0
344.0
-1136.0
-556.0
1712.0
896.0
-1880.0
-952.0
2036.0
1144.0
-1736.0
-1020.0
1480.0
1084.0
-876.0
-872.0
352.0
896.0
380.0
-684.0
-816.0
776.0
1360.0
-644.0
-1532.0
776.0
1772.0
-776.0
-1644.0
976.0
1612.0
-964.0
-1304.0
1152.0
1212.0
-1084.0
-928.0
1140.0
928.0
-892.0
-792.0
820.0
944.0
-416.0
-956.0
208.0
1280.0
244.0
-1364.0
-432.0
1656.0
796.0
-1672.0
-864.0
1896.0
1036.0
-1748.0
-864.0
1740.0
804.0
-1488.0
-440.0
1392.0
280.0
-1000.0
148.0
844.0
-348.0
-432.0
712.0
272.0
-772.0
52.0
976.0
-156.0
-872.0
428.0
936.0
-484.0
-760.0
668.0
812.0
-640.0
-692.0
780.0
856.0
-740.0
-856.0
852.0
1140.0
-724.0
-1264.0
804.0
1580.0
-600.0
-1676.0
616.0
1908.0
-380.0
-1804.0
336.0
1812.0
-60.0
-1444.0
-4.0
1164.0
296.0
-568.0
-376.0
168.0
640.0
464.0
-656.0
-784.0
860.0
1216.0
-836.0
-1228.0
968.0
1320.0
-836.0
-988.0
900.0
752.0
-712.0
-152.0
768.0
-256.0
-560.0
920.0
692.0
-1260.0
-576.0
1752.0
748.0
-1868.0
-764.0
2028.0
1044.0
-1816.0
-1108.0
1700.0
1416.0
-1204.0
-1472.0
924.0
1660.0
-396.0
-1528.0
144.0
1568.0
292.0
-1244.0
-368.0
1040.0
608.0
-512.0
-508.0
192.0
548.0
412.0
-264.0
-736.0
212.0
1240.0
64.0
-1416.0
-140.0
1720.0
432.0
-1644.0
-432.0
1712.0
624.0
-1464.0
-604.0
1376.0
764.0
-1012.0
-716.0
920.0
896.0
-640.0
-868.0
640.0
1068.0
-492.0
-1000.0
636.0
1180.0
-588.0
-1088.0
800.0
1132.0
-736.0
-844.0
872.0
740.0
-708.0
-284.0
744.0
24.0
-400.0
512.0
252.0
-788.0
188.0
1260.0
-356.0
-1364.0
728.0
1592.0
-892.0
-1372.0
1120.0
1300.0
-1020.0
-768.0
1128.0
388.0
-888.0
336.0
864.0
-760.0
-576.0
1376.0
620.0
-1628.0
-432.0
1964.0
596.0
-1824.0
-640.0
1764.0
992.0
-1256.0
-1144.0
920.0
1564.0
-272.0
-1700.0
-100.0
2012.0
664.0
-1956.0
-832.0
1976.0
1104.0
-1624.0
-904.0
1392.0
836.0
-808.0
-380.0
420.0
120.0
188.0
444.0
-500.0
-740.0
956.0
1156.0
-1004.0
-1256.0
1140.0
1472.0
-864.0
-1272.0
700.0
1228.0
-236.0
-808.0
28.0
604.0
452.0
-112.0
-548.0
-96.0
828.0
552.0
-664.0
-668.0
648.0
992.0
-244.0
-992.0
44.0
1204.0
480.0
-1036.0
-680.0
1116.0
1132.0
-852.0
-1164.0
820.0
1400.0
-432.0
-1204.0
312.0
1184.0
88.0
-832.0
-280.0
692.0
740.0
-280.0
-912.0
168.0
1280.0
116.0
-1392.0
-168.0
1692.0
372.0
-1612.0
-236.0
1784.0
288.0
-1588.0
-72.0
1684.0
120.0
-1436.0
112.0
1460.0
-72.0
-1204.0
220.0
1272.0
-76.0
-1044.0
228.0
1116.0
-8.0
-936.0
68.0
1012.0
160.0
-780.0
-140.0
784.0
344.0
-492.0
-336.0
440.0
544.0
-76.0
-488.0
-52.0
720.0
452.0
-604.0
-584.0
796.0
924.0
-720.0
-936.0
884.0
1212.0
-728.0
-1188.0
808.0
1364.0
-616.0
-1184.0
616.0
1252.0
-360.0
-984.0
324.0
968.0
24.0
-636.0
-100.0
540.0
472.0
-160.0
-548.0
20.0
900.0
368.0
-888.0
-472.0
1128.0
856.0
-984.0
-872.0
1092.0
1152.0
-840.0
-1072.0
804.0
1184.0
-404.0
-968.0
244.0
952.0
196.0
-636.0
-412.0
524.0
896.0
-180.0
-1036.0
132.0
1448.0
220.0
-1484.0
-200.0
1768.0
444.0
-1680.0
-348.0
1848.0
548.0
-1704.0
-448.0
1800.0
632.0
-1588.0
-548.0
1704.0
756.0
-1524.0
-764.0
1660.0
1012.0
-1528.0
-996.0
1716.0
1248.0
-1608.0
-1140.0
1756.0
1248.0
-1648.0
-964.0
1788.0
904.0
-1624.0
-464.0
1724.0
224.0
-1500.0
328.0
1500.0
-620.0
-1284.0
1140.0
1288.0
-1360.0
-932.0
1768.0
884.0
-1796.0
-568.0
1984.0
476.0
-1812.0
-116.0
1836.0
12.0
-1508.0
340.0
1440.0
-416.0
-1120.0
740.0
1080.0
-804.0
-860.0
1084.0
960.0
-1008.0
-872.0
1196.0
1036.0
-1080.0
-1020.0
1200.0
1216.0
-992.0
-1188.0
1016.0
1312.0
-768.0
-1140.0
728.0
1148.0
-488.0
-840.0
464.0
700.0
-200.0
-304.0
132.0
132.0
128.0
240.0
-212.0
-304.0
492.0
520.0
-568.0
-476.0
852.0
552.0
-872.0
-344.0
1060.0
364.0
-972.0
-136.0
1056.0
152.0
-804.0
-16.0
712.0
156.0
-324.0
-84.0
136.0
276.0
296.0
-312.0
-500.0
480.0
916.0
-444.0
-1068.0
516.0
1340.0
-308.0
-1328.0
184.0
1440.0
200.0
-1292.0
-468.0
1288.0
924.0
-1012.0
-1156.0
864.0
1516.0
-544.0
-1556.0
400.0
1656.0
-100.0
-1412.0
-52.0
1220.0
360.0
-732.0
-412.0
364.0
604.0
224.0
-544.0
-604.0
580.0
1140.0
-348.0
-1320.0
240.0
1580.0
200.0
-1492.0
-436.0
1440.0
908.0
-1104.0
-1164.0
804.0
1580.0
-272.0
-1728.0
-92.0
1896.0
620.0
-1784.0
-976.0
1712.0
1412.0
-1320.0
-1612.0
980.0
1864.0
-464.0
-1864.0
16.0
1972.0
516.0
-1800.0
-760.0
1772.0
1004.0
-1496.0
-992.0
1348.0
984.0
-992.0
-672.0
808.0
436.0
-424.0
-28.0
208.0
-188.0
156.0
496.0
-324.0
-488.0
624.0
520.0
-732.0
-204.0
916.0
-36.0
-912.0
544.0
1008.0
-908.0
-912.0
1436.0
956.0
-1660.0
-796.0
1984.0
812.0
-1936.0
-668.0
1916.0
768.0
-1600.0
-728.0
1352.0
908.0
-812.0
-920.0
500.0
1140.0
-44.0
-1216.0
-124.0
1504.0
448.0
-1568.0
-440.0
1772.0
556.0
-1788.0
-396.0
1940.0
448.0
-1836.0
-332.0
1860.0
456.0
-1656.0
-472.0
1604.0
756.0
-1324.0
-900.0
1164.0
1296.0
-824.0
-1496.0
596.0
1824.0
-196.0
-1888.0
-76.0
2016.0
524.0
-1836.0
-772.0
1696.0
1212.0
-1288.0
-1424.0
936.0
1796.0
-456.0
-1872.0
20.0
2072.0
488.0
-1960.0
-696.0
1956.0
956.0
-1624.0
-932.0
1424.0
996.0
-952.0
-736.0
656.0
616.0
-140.0
-260.0
-124.0
84.0
520.0
236.0
-588.0
-328.0
740.0
528.0
-540.0
-464.0
456.0
528.0
-12.0
-340.0
-260.0
320.0
740.0
-60.0
-1032.0
32.0
1448.0
128.0
-1588.0
-92.0
1800.0
188.0
-1716.0
-68.0
1724.0
48.0
-1472.0
68.0
1416.0
-48.0
-1184.0
196.0
1204.0
-128.0
-1076.0
180.0
1264.0
28.0
-1336.0
-56.0
1652.0
308.0
-1776.0
-372.0
2024.0
652.0
-2028.0
-712.0
2092.0
888.0
-1848.0
-948.0
1624.0
1092.0
-1108.0
-1076.0
688.0
1216.0
-72.0
-1184.0
-320.0
1376.0
832.0
-1356.0
-996.0
1560.0
1172.0
-1632.0
-1012.0
1856.0
884.0
-1872.0
-480.0
2028.0
252.0
-1944.0
120.0
1956.0
-260.0
-1696.0
472.0
1548.0
-300.0
-1148.0
140.0
904.0
324.0
-388.0
-708.0
128.0
1268.0
320.0
-1580.0
-508.0
1976.0
792.0
-1972.0
-796.0
1980.0
888.0
-1564.0
-700.0
1204.0
576.0
-484.0
-256.0
-124.0
104.0
852.0
304.0
-1336.0
-484.0
1848.0
808.0
-1960.0
-936.0
2072.0
1176.0
-1792.0
-1148.0
1564.0
1232.0
-1024.0
-1112.0
600.0
1088.0
-44.0
-828.0
-256.0
672.0
672.0
-300.0
-756.0
80.0
916.0
324.0
-772.0
-528.0
780.0
856.0
-588.0
-976.0
616.0
1204.0
-520.0
-1148.0
680.0
1184.0
-728.0
-952.0
1032.0
824.0
-1180.0
-460.0
1500.0
272.0
-1568.0
36.0
1776.0
-116.0
-1628.0
252.0
1584.0
-112.0
-1208.0
0.0
940.0
372.0
-428.0
-624.0
92.0
1084.0
432.0
-1336.0
-636.0
1720.0
912.0
-1800.0
-924.0
1964.0
1000.0
-1752.0
-748.0
1688.0
596.0
-1308.0
-196.0
1056.0
-12.0
-640.0
392.0
408.0
-516.0
-44.0
804.0
-12.0
-784.0
220.0
912.0
-156.0
-760.0
248.0
760.0
-160.0
-536.0
260.0
484.0
-204.0
-256.0
424.0
224.0
-476.0
40.0
796.0
-68.0
-936.0
312.0
1224.0
-312.0
-1280.0
544.0
1468.0
-584.0
-1320.0
844.0
1276.0
-856.0
-940.0
1040.0
704.0
-996.0
-184.0
1152.0
-160.0
-1012.0
712.0
1072.0
-1004.0
-880.0
1484.0
884.0
-1616.0
-644.0
1880.0
608.0
-1840.0
-372.0
1912.0
348.0
-1664.0
-104.0
1584.0
72.0
-1152.0
196.0
872.0
-256.0
-340.0
572.0
12.0
-660.0
572.0
968.0
-868.0
-1052.0
1416.0
1300.0
-1528.0
-1268.0
1872.0
1356.0
-1828.0
-1044.0
1908.0
924.0
-1540.0
-492.0
1336.0
196.0
-828.0
352.0
460.0
-676.0
96.0
1124.0
-388.0
-1248.0
820.0
1424.0
-900.0
-1244.0
1076.0
1076.0
-892.0
-596.0
812.0
244.0
-384.0
364.0
152.0
-684.0
328.0
1184.0
-580.0
-1244.0
960.0
1388.0
-1092.0
-1100.0
1328.0
888.0
-1228.0
-316.0
1308.0
-96.0
-1108.0
748.0
1100.0
-1176.0
-836.0
1732.0
784.0
-1904.0
-588.0
2216.0
628.0
-2148.0
-484.0
2232.0
600.0
-1980.0
-504.0
1944.0
704.0
-1676.0
-644.0
1676.0
844.0
-1460.0
-828.0
1544.0
992.0
-1432.0
-932.0
1604.0
1096.0
-1532.0
-988.0
1712.0
1048.0
-1632.0
-884.0
1768.0
856.0
-1636.0
-600.0
1712.0
572.0
-1516.0
-220.0
1512.0
72.0
-1240.0
212.0
1136.0
-272.0
-792.0
560.0
596.0
-576.0
-180.0
712.0
-68.0
-580.0
536.0
628.0
-768.0
-380.0
1212.0
332.0
-1316.0
-68.0
1592.0
44.0
-1516.0
156.0
1544.0
-88.0
-1232.0
204.0
1064.0
16.0
-620.0
-16.0
344.0
260.0
108.0
-316.0
-236.0
572.0
500.0
-580.0
-388.0
728.0
356.0
-660.0
-4.0
732.0
-260.0
-484.0
724.0
484.0
-984.0
-240.0
1412.0
176.0
-1492.0
160.0
1652.0
-188.0
-1452.0
460.0
1304.0
-452.0
-816.0
732.0
476.0
-704.0
140.0
928.0
-428.0
-920.0
948.0
1092.0
-1092.0
-1036.0
1328.0
1160.0
-1236.0
-1048.0
1276.0
1124.0
-980.0
-920.0
880.0
872.0
-572.0
-552.0
496.0
408.0
-252.0
-12.0
332.0
-196.0
-252.0
640.0
508.0
-852.0
-536.0
1236.0
812.0
-1368.0
-820.0
1648.0
972.0
-1632.0
-908.0
1796.0
1052.0
-1628.0
-896.0
1668.0
936.0
-1436.0
-728.0
1396.0
816.0
-1092.0
-684.0
1044.0
836.0
-796.0
-860.0
772.0
1148.0
-620.0
-1220.0
684.0
1536.0
-540.0
-1568.0
696.0
1764.0
-648.0
-1616.0
824.0
1560.0
-796.0
-1124.0
1012.0
812.0
-944.0
-148.0
1108.0
-256.0
-988.0
904.0
1120.0
-1264.0
-960.0
1704.0
984.0
-1796.0
-744.0
1920.0
752.0
-1636.0
-476.0
1448.0
440.0
-940.0
-160.0
580.0
120.0
-16.0
108.0
-256.0
-108.0
656.0
312.0
-712.0
-280.0
792.0
408.0
-548.0
-288.0
384.0
360.0
124.0
-200.0
-436.0
252.0
968.0
-68.0
-1248.0
88.0
1660.0
96.0
-1772.0
-64.0
1992.0
212.0
-1924.0
-72.0
1936.0
276.0
-1696.0
-136.0
1608.0
164.0
-1328.0
36.0
1244.0
-52.0
-972.0
280.0
940.0
-316.0
-728.0
588.0
740.0
-580.0
-576.0
768.0
592.0
-688.0
-396.0
748.0
416.0
-500.0
-196.0
396.0
176.0
16.0
32.0
-244.0
-16.0
708.0
208.0
-948.0
-120.0
1320.0
220.0
-1456.0
-28.0
1688.0
24.0
-1660.0
196.0
1680.0
-200.0
-1468.0
392.0
1448.0
-332.0
-1220.0
416.0
1220.0
-260.0
-1084.0
168.0
1236.0
128.0
-1264.0
-324.0
1560.0
692.0
-1664.0
-816.0
1972.0
1092.0
-1976.0
-1072.0
2124.0
1128.0
-1948.0
-836.0
1824.0
636.0
-1384.0
-156.0
1092.0
-184.0
-536.0
728.0
232.0
-1024.0
220.0
1432.0
-312.0
-1496.0
432.0
1600.0
-168.0
-1376.0
-56.0
1212.0
588.0
-700.0
-944.0
352.0
1504.0
208.0
-1764.0
-520.0
2072.0
888.0
-1960.0
-988.0
1856.0
1172.0
-1336.0
-984.0
864.0
888.0
-120.0
-564.0
-440.0
352.0
1088.0
-40.0
-1416.0
-56.0
1712.0
260.0
-1588.0
-168.0
1424.0
164.0
-900.0
104.0
460.0
-224.0
272.0
572.0
-824.0
-688.0
1452.0
972.0
-1812.0
-984.0
2160.0
1140.0
-2180.0
-1024.0
2228.0
1060.0
-1996.0
-912.0
1772.0
940.0
-1348.0
-816.0
1112.0
876.0
-712.0
-896.0
488.0
1124.0
-156.0
-1188.0
48.0
1460.0
204.0
-1536.0
-256.0
1748.0
488.0
-1760.0
-544.0
1844.0
724.0
-1716.0
-780.0
1692.0
968.0
-1460.0
-972.0
1340.0
1108.0
-1120.0
-1080.0
992.0
1144.0
-824.0
-1060.0
820.0
1112.0
-764.0
-1000.0
884.0
980.0
-880.0
-824.0
1076.0
732.0
-1144.0
-608.0
1324.0
548.0
-1360.0
-276.0
1448.0
120.0
-1388.0
172.0
1368.0
-392.0
-1212.0
720.0
1096.0
-960.0
-852.0
1244.0
668.0
-1388.0
-376.0
1532.0
168.0
-1516.0
132.0
1492.0
-284.0
-1260.0
520.0
1068.0
-652.0
-772.0
800.0
556.0
-804.0
-304.0
844.0
216.0
-680.0
-92.0
596.0
204.0
-320.0
-296.0
164.0
556.0
172.0
-796.0
-384.0
1128.0
668.0
-1332.0
-792.0
1628.0
892.0
-1736.0
-848.0
1864.0
852.0
-1744.0
-620.0
1692.0
460.0
-1436.0
-104.0
1228.0
-100.0
-880.0
444.0
592.0
-576.0
-236.0
760.0
-24.0
-748.0
376.0
776.0
-540.0
-600.0
840.0
532.0
-944.0
-284.0
1164.0
136.0
-1228.0
92.0
1360.0
-176.0
-1332.0
328.0
1432.0
-320.0
-1376.0
424.0
1400.0
-396.0
-1328.0
500.0
1332.0
-496.0
-1196.0
700.0
1168.0
-792.0
-1016.0
1004.0
1020.0
-1144.0
-852.0
1412.0
820.0
-1556.0
-696.0
1752.0
760.0
-1756.0
-684.0
1836.0
768.0
-1660.0
-760.0
1604.0
912.0
-1308.0
-912.0
1168.0
1104.0
-848.0
-1136.0
656.0
1304.0
-324.0
-1320.0
192.0
1440.0
60.0
-1408.0
-124.0
1492.0
308.0
-1388.0
-316.0
1420.0
420.0
-1300.0
-348.0
1372.0
324.0
-1280.0
-96.0
1360.0
12.0
-1280.0
236.0
1404.0
-384.0
-1384.0
680.0
1492.0
-832.0
-1428.0
1048.0
1468.0
-1044.0
-1340.0
1136.0
1252.0
-940.0
-972.0
800.0
816.0
-452.0
-448.0
188.0
248.0
200.0
80.0
-416.0
-168.0
708.0
396.0
-684.0
-332.0
760.0
340.0
-524.0
-136.0
340.0
-4.0
52.0
320.0
-320.0
-544.0
696.0
868.0
-856.0
-968.0
1052.0
1196.0
-964.0
-1196.0
888.0
1296.0
-532.0
-1172.0
312.0
1172.0
172.0
-972.0
-476.0
944.0
880.0
-792.0
-1056.0
824.0
1288.0
-716.0
-1236.0
860.0
1248.0
-848.0
-1004.0
1024.0
880.0
-1040.0
-532.0
1252.0
360.0
-1256.0
-40.0
1452.0
-68.0
-1404.0
344.0
1504.0
-320.0
-1396.0
460.0
1404.0
-332.0
-1224.0
328.0
1152.0
-92.0
-832.0
16.0
680.0
316.0
-300.0
-484.0
84.0
840.0
360.0
-968.0
-524.0
1252.0
896.0
-1236.0
-992.0
1328.0
1192.0
-1064.0
-1108.0
940.0
1132.0
-468.0
-832.0
100.0
688.0
472.0
-272.0
-872.0
16.0
1388.0
412.0
-1592.0
-604.0
1856.0
928.0
-1744.0
-936.0
1676.0
1088.0
-1180.0
-956.0
832.0
892.0
-152.0
-608.0
-300.0
468.0
928.0
-116.0
-1244.0
4.0
1636.0
324.0
-1700.0
-432.0
1796.0
676.0
-1540.0
-688.0
1384.0
892.0
-932.0
-924.0
648.0
1132.0
-116.0
-1152.0
-148.0
1396.0
576.0
-1452.0
-708.0
1732.0
1000.0
-1752.0
-992.0
1968.0
1108.0
-1916.0
-924.0
2008.0
924.0
-1804.0
-604.0
1720.0
488.0
-1352.0
-124.0
1172.0
-88.0
-708.0
472.0
544.0
-668.0
-120.0
1040.0
12.0
-1192.0
236.0
1500.0
-132.0
-1548.0
152.0
1748.0
84.0
-1680.0
-136.0
1792.0
492.0
-1652.0
-608.0
1748.0
908.0
-1608.0
-900.0
1696.0
1056.0
-1556.0
-916.0
1688.0
948.0
-1580.0
-708.0
1736.0
692.0
-1648.0
-492.0
1772.0
576.0
-1636.0
-504.0
1708.0
760.0
-1512.0
-816.0
1524.0
1176.0
-1256.0
-1240.0
1180.0
1636.0
-832.0
-1644.0
664.0
1736.0
-292.0
-1544.0
56.0
1428.0
424.0
-972.0
-700.0
672.0
1156.0
-120.0
-1372.0
-180.0
1712.0
656.0
-1740.0
-776.0
1896.0
988.0
-1688.0
-856.0
1596.0
820.0
-1164.0
-440.0
844.0
240.0
-292.0
228.0
-48.0
-484.0
588.0
928.0
-812.0
-1080.0
1144.0
1384.0
-1140.0
-1408.0
1244.0
1552.0
-1024.0
-1408.0
976.0
1496.0
-676.0
-1324.0
656.0
1320.0
-548.0
-1052.0
696.0
1064.0
-732.0
-840.0
1076.0
812.0
-1280.0
-592.0
1700.0
636.0
-1840.0
-500.0
2112.0
616.0
-2004.0
-572.0
1960.0
804.0
-1512.0
-868.0
1144.0
1168.0
-472.0
-1216.0
12.0
1456.0
640.0
-1384.0
-992.0
1400.0
1360.0
-1040.0
-1324.0
804.0
1344.0
-232.0
-940.0
-188.0
632.0
868.0
-56.0
-1264.0
-316.0
1764.0
816.0
-1856.0
-936.0
1992.0
1160.0
-1676.0
-1004.0
1396.0
868.0
-716.0
-424.0
196.0
76.0
616.0
464.0
-1084.0
-728.0
1664.0
1100.0
-1860.0
-1100.0
2032.0
1184.0
-1756.0
-888.0
1472.0
752.0
-836.0
-296.0
300.0
96.0
476.0
264.0
-956.0
-296.0
1580.0
360.0
-1848.0
-88.0
2172.0
-36.0
-2136.0
492.0
2144.0
-684.0
-1864.0
1132.0
1700.0
-1184.0
-1232.0
1372.0
1016.0
-1128.0
-592.0
868.0
408.0
-304.0
-60.0
-140.0
-20.0
852.0
356.0
-1272.0
-376.0
1836.0
640.0
-1940.0
-616.0
2088.0
844.0
-1800.0
-780.0
1556.0
908.0
-964.0
-788.0
556.0
868.0
40.0
-704.0
-308.0
752.0
672.0
-532.0
-560.0
588.0
508.0
-384.0
-20.0
480.0
-344.0
-344.0
988.0
548.0
-1348.0
-540.0
1852.0
736.0
-1944.0
-708.0
2084.0
996.0
-1736.0
-1020.0
1456.0
1276.0
-836.0
-1268.0
360.0
1480.0
320.0
-1412.0
-660.0
1572.0
1100.0
-1520.0
-1080.0
1672.0
1144.0
-1568.0
-776.0
1700.0
512.0
-1580.0
72.0
1672.0
-368.0
-1460.0
876.0
1500.0
-1008.0
-1184.0
1240.0
1092.0
-1072.0
-720.0
980.0
556.0
-556.0
-116.0
292.0
12.0
200.0
340.0
-384.0
-364.0
764.0
520.0
-740.0
-376.0
868.0
364.0
-588.0
-52.0
508.0
-44.0
-96.0
388.0
-60.0
-420.0
448.0
644.0
-532.0
-488.0
832.0
472.0
-744.0
-112.0
872.0
-48.0
-648.0
472.0
660.0
-608.0
-388.0
944.0
404.0
-912.0
-168.0
956.0
200.0
-588.0
-28.0
352.0
124.0
236.0
-40.0
-612.0
156.0
1188.0
-28.0
-1408.0
176.0
1724.0
-72.0
-1624.0
160.0
1588.0
68.0
-1108.0
-32.0
740.0
300.0
-80.0
-328.0
-348.0
604.0
968.0
-632.0
-1120.0
896.0
1396.0
-876.0
-1224.0
1088.0
1100.0
-988.0
-544.0
1104.0
168.0
-956.0
508.0
1032.0
-924.0
-816.0
1508.0
860.0
-1724.0
-632.0
2068.0
680.0
-1980.0
-440.0
2028.0
432.0
-1688.0
-196.0
1536.0
172.0
-1044.0
192.0
792.0
-276.0
-260.0
640.0
4.0
-748.0
480.0
1124.0
-660.0
-1164.0
1040.0
1456.0
-1048.0
-1388.0
1252.0
1520.0
-1076.0
-1252.0
1064.0
1160.0
-684.0
-704.0
516.0
484.0
0.0
60.0
-284.0
-312.0
752.0
808.0
-904.0
-932.0
1180.0
1240.0
-1032.0
-1112.0
976.0
1172.0
-448.0
-820.0
136.0
656.0
532.0
-204.0
-928.0
-48.0
1568.0
544.0
-1748.0
-648.0
2036.0
1020.0
-1808.0
-996.0
1656.0
1152.0
-1008.0
-908.0
540.0
884.0
244.0
-536.0
-740.0
412.0
1392.0
-24.0
-1576.0
-64.0
1876.0
432.0
-1664.0
-452.0
1564.0
712.0
-1008.0
-612.0
648.0
772.0
-36.0
-592.0
-244.0
652.0
672.0
-384.0
-672.0
332.0
800.0
24.0
-468.0
-104.0
396.0
544.0
60.0
-636.0
-148.0
1056.0
420.0
-1168.0
-256.0
1520.0
300.0
-1492.0
108.0
1728.0
-364.0
-1560.0
976.0
1612.0
-1276.0
-1340.0
1772.0
1272.0
-1872.0
-860.0
2132.0
732.0
-1880.0
-336.0
1808.0
224.0
-1304.0
160.0
1028.0
-152.0
-468.0
420.0
268.0
-360.0
72.0
524.0
-28.0
-400.0
40.0
480.0
380.0
-292.0
-576.0
356.0
1140.0
-96.0
-1444.0
68.0
1884.0
288.0
-1936.0
-368.0
2076.0
800.0
-1760.0
-996.0
1524.0
1468.0
-904.0
-1612.0
484.0
1996.0
188.0
-1996.0
-536.0
2128.0
1000.0
-1912.0
-1036.0
1800.0
1108.0
-1312.0
-756.0
988.0
512.0
-364.0
68.0
12.0
-440.0
556.0
992.0
-748.0
-1160.0
1068.0
1472.0
-960.0
-1300.0
952.0
1216.0
-520.0
-740.0
212.0
440.0
364.0
188.0
-752.0
-496.0
1328.0
908.0
-1604.0
-996.0
1976.0
1172.0
-1956.0
-936.0
2092.0
788.0
-1860.0
-288.0
1796.0
-24.0
-1448.0
540.0
1284.0
-772.0
-1004.0
1180.0
948.0
-1176.0
-784.0
1340.0
880.0
-1120.0
-820.0
1088.0
1008.0
-840.0
-992.0
756.0
1188.0
-548.0
-1136.0
648.0
1236.0
-620.0
-1092.0
888.0
1080.0
-992.0
-824.0
1392.0
736.0
-1432.0
-412.0
1716.0
300.0
-1660.0
48.0
1688.0
-112.0
-1396.0
380.0
1200.0
-440.0
-712.0
668.0
368.0
-672.0
152.0
892.0
-440.0
-876.0
872.0
1060.0
-960.0
-1024.0
1168.0
1204.0
-1064.0
-1152.0
1088.0
1288.0
-896.0
-1204.0
860.0
1304.0
-648.0
-1172.0
692.0
1208.0
-612.0
-1028.0
812.0
1024.0
-900.0
-796.0
1236.0
756.0
-1336.0
-524.0
1628.0
456.0
-1628.0
-168.0
1728.0
68.0
-1528.0
180.0
1368.0
-200.0
-924.0
440.0
564.0
-460.0
48.0
624.0
-484.0
-596.0
1068.0
748.0
-1392.0
-696.0
1824.0
808.0
-1888.0
-744.0
2060.0
840.0
-1888.0
-700.0
1808.0
772.0
-1440.0
-600.0
1220.0
608.0
-804.0
-380.0
560.0
312.0
-176.0
-64.0
12.0
-36.0
272.0
304.0
-316.0
-336.0
508.0
544.0
-460.0
-448.0
548.0
464.0
-436.0
-260.0
476.0
116.0
-304.0
204.0
276.0
-388.0
-24.0
748.0
-56.0
-844.0
316.0
1100.0
-448.0
-1096.0
792.0
1168.0
-920.0
-968.0
1216.0
904.0
-1308.0
-536.0
1524.0
348.0
-1480.0
68.0
1520.0
-288.0
-1332.0
708.0
1236.0
-892.0
-888.0
1224.0
700.0
-1304.0
-288.0
1520.0
-4.0
-1492.0
360.0
1624.0
-528.0
-1412.0
844.0
1364.0
-872.0
-1052.0
972.0
904.0
-800.0
-516.0
780.0
288.0
-468.0
88.0
300.0
-256.0
64.0
492.0
-260.0
-452.0
624.0
476.0
-740.0
-216.0
1012.0
56.0
-1064.0
368.0
1168.0
-608.0
-1060.0
992.0
1140.0
-1064.0
-1028.0
1224.0
1036.0
-1024.0
-920.0
856.0
992.0
-380.0
-880.0
16.0
992.0
576.0
-896.0
-892.0
976.0
1312.0
-912.0
-1324.0
1004.0
1388.0
-880.0
-1060.0
896.0
720.0
-732.0
-84.0
756.0
-416.0
-632.0
1084.0
720.0
-1480.0
-604.0
1912.0
740.0
-1948.0
-708.0
1992.0
884.0
-1652.0
-888.0
1376.0
1048.0
-804.0
-972.0
440.0
1036.0
92.0
-824.0
-312.0
716.0
612.0
-328.0
-548.0
108.0
524.0
356.0
-208.0
-640.0
4.0
1088.0
396.0
-1280.0
-580.0
1624.0
904.0
-1664.0
-956.0
1824.0
1140.0
-1664.0
-1008.0
1628.0
996.0
-1328.0
-740.0
1196.0
668.0
-852.0
-372.0
760.0
328.0
-484.0
-60.0
484.0
52.0
-328.0
132.0
476.0
-52.0
-488.0
180.0
736.0
-80.0
-852.0
128.0
1176.0
4.0
-1328.0
28.0
1656.0
152.0
-1740.0
-164.0
1964.0
376.0
-1980.0
-396.0
2076.0
648.0
-1924.0
-660.0
1912.0
804.0
-1636.0
-760.0
1488.0
920.0
-1060.0
-800.0
844.0
884.0
-380.0
-744.0
92.0
780.0
372.0
-676.0
-628.0
784.0
1060.0
-740.0
-1204.0
932.0
1516.0
-936.0
-1536.0
1204.0
1700.0
-1248.0
-1548.0
1524.0
1512.0
-1552.0
-1160.0
1752.0
968.0
-1704.0
-492.0
1804.0
172.0
-1676.0
360.0
1664.0
-740.0
-1416.0
1156.0
1372.0
-1376.0
-1076.0
1696.0
936.0
-1748.0
-644.0
1824.0
552.0
-1600.0
-268.0
1528.0
140.0
-1152.0
128.0
972.0
-196.0
-568.0
456.0
412.0
-476.0
-100.0
688.0
100.0
-640.0
52.0
740.0
108.0
-628.0
-92.0
688.0
316.0
-540.0
-296.0
576.0
500.0
-428.0
-404.0
496.0
444.0
-416.0
-168.0
528.0
100.0
-472.0
272.0
604.0
-380.0
-508.0
688.0
612.0
-712.0
-388.0
848.0
400.0
-648.0
-148.0
596.0
36.0
-212.0
268.0
20.0
-316.0
404.0
576.0
-516.0
-500.0
796.0
572.0
-756.0
-312.0
764.0
204.0
-476.0
232.0
260.0
-444.0
196.0
860.0
-432.0
-1012.0
860.0
1300.0
-972.0
-1252.0
1152.0
1252.0
-980.0
-940.0
884.0
740.0
-500.0
-240.0
192.0
-72.0
312.0
580.0
-544.0
-824.0
972.0
1180.0
-1044.0
-1204.0
1172.0
1340.0
-928.0
-1128.0
804.0
1020.0
-364.0
-640.0
108.0
424.0
348.0
0.0
-532.0
-160.0
844.0
528.0
-804.0
-560.0
928.0
776.0
-696.0
-664.0
668.0
720.0
-380.0
-512.0
372.0
496.0
-192.0
-240.0
348.0
200.0
-380.0
16.0
704.0
-8.0
-856.0
204.0
1268.0
-112.0
-1400.0
228.0
1724.0
-68.0
-1648.0
148.0
1696.0
92.0
-1364.0
-136.0
1140.0
476.0
-588.0
-564.0
276.0
920.0
264.0
-1028.0
-552.0
1376.0
912.0
-1460.0
-904.0
1732.0
1012.0
-1752.0
-740.0
1948.0
576.0
-1824.0
-132.0
1892.0
-72.0
-1612.0
532.0
1560.0
-680.0
-1224.0
984.0
1096.0
-972.0
-692.0
1064.0
536.0
-832.0
-200.0
776.0
84.0
-388.0
180.0
192.0
-180.0
236.0
328.0
-448.0
-244.0
864.0
280.0
-1028.0
-36.0
1356.0
16.0
-1404.0
276.0
1588.0
-316.0
-1456.0
660.0
1468.0
-712.0
-1172.0
960.0
1004.0
-960.0
-540.0
1188.0
264.0
-1124.0
236.0
1268.0
-460.0
-1152.0
828.0
1248.0
-888.0
-1076.0
1060.0
1144.0
-852.0
-956.0
768.0
1000.0
-308.0
-792.0
56.0
860.0
484.0
-708.0
-728.0
796.0
1132.0
-708.0
-1164.0
868.0
1316.0
-800.0
-1088.0
1028.0
984.0
-988.0
-520.0
1204.0
240.0
-1168.0
280.0
1320.0
-576.0
-1164.0
1032.0
1220.0
-1156.0
-984.0
1452.0
912.0
-1404.0
-580.0
1540.0
476.0
-1376.0
-120.0
1420.0
40.0
-1244.0
204.0
1316.0
-140.0
-1204.0
252.0
1320.0
-52.0
-1256.0
60.0
1452.0
216.0
-1376.0
-200.0
1556.0
352.0
-1464.0
-184.0
1548.0
188.0
-1364.0
168.0
1340.0
-368.0
-1064.0
832.0
960.0
-1064.0
-584.0
1452.0
472.0
-1560.0
-100.0
1736.0
0.0
-1532.0
336.0
1432.0
-376.0
-964.0
684.0
600.0
-668.0
-8.0
888.0
-316.0
-872.0
804.0
1012.0
-968.0
-944.0
1164.0
1108.0
-1016.0
-1044.0
964.0
1128.0
-560.0
-984.0
352.0
1060.0
88.0
-852.0
-236.0
852.0
484.0
-588.0
-424.0
540.0
448.0
-228.0
-84.0
208.0
-88.0
64.0
560.0
-84.0
-820.0
264.0
1248.0
-132.0
-1392.0
184.0
1668.0
68.0
-1592.0
-144.0
1672.0
476.0
-1424.0
-608.0
1356.0
920.0
-1052.0
-964.0
1000.0
1204.0
-756.0
-1108.0
764.0
1172.0
-588.0
-972.0
708.0
880.0
-600.0
-552.0
744.0
516.0
-648.0
-248.0
760.0
244.0
-620.0
-116.0
632.0
288.0
-404.0
-320.0
364.0
616.0
-92.0
-756.0
40.0
1140.0
292.0
-1260.0
-388.0
1592.0
700.0
-1644.0
-764.0
1820.0
1120.0
-1692.0
-1152.0
1696.0
1416.0
-1404.0
-1432.0
1240.0
1604.0
-796.0
-1520.0
528.0
1572.0
-48.0
-1320.0
-232.0
1236.0
744.0
-848.0
-976.0
640.0
1360.0
-168.0
-1496.0
-100.0
1708.0
528.0
-1684.0
-668.0
1732.0
1020.0
-1480.0
-1056.0
1384.0
1296.0
-964.0
-1252.0
716.0
1396.0
-228.0
-1320.0
-64.0
1480.0
516.0
-1440.0
-724.0
1632.0
1092.0
-1640.0
-1132.0
1896.0
1336.0
-1908.0
-1256.0
2104.0
1280.0
-2024.0
-1060.0
2092.0
1020.0
-1832.0
-724.0
1712.0
628.0
-1292.0
-372.0
1032.0
324.0
-504.0
-84.0
144.0
120.0
420.0
44.0
-724.0
32.0
1224.0
12.0
-1432.0
136.0
1752.0
-88.0
-1836.0
312.0
1996.0
-352.0
-1856.0
580.0
1864.0
-600.0
-1588.0
816.0
1396.0
-828.0
-992.0
952.0
732.0
-880.0
-232.0
920.0
0.0
-776.0
416.0
768.0
-580.0
-532.0
804.0
448.0
-716.0
-208.0
688.0
120.0
-352.0
100.0
72.0
-152.0
432.0
324.0
-808.0
-392.0
1284.0
568.0
-1552.0
-564.0
1832.0
728.0
-1832.0
-760.0
1756.0
988.0
-1412.0
-992.0
1064.0
1112.0
-504.0
-1112.0
-4.0
1152.0
596.0
-1056.0
-1016.0
984.0
1436.0
-720.0
-1636.0
552.0
1804.0
-208.0
-1760.0
-16.0
1760.0
380.0
-1604.0
-560.0
1552.0
808.0
-1436.0
-868.0
1460.0
936.0
-1444.0
-840.0
1572.0
736.0
-1616.0
-440.0
1796.0
364.0
-1780.0
-100.0
1824.0
-36.0
-1652.0
184.0
1560.0
-144.0
-1196.0
172.0
920.0
-16.0
-504.0
-84.0
192.0
316.0
140.0
-428.0
-308.0
600.0
464.0
-660.0
-388.0
752.0
296.0
-644.0
28.0
588.0
-256.0
-392.0
648.0
304.0
-904.0
-76.0
1244.0
-28.0
-1400.0
180.0
1548.0
-196.0
-1504.0
288.0
1476.0
-204.0
-1244.0
268.0
1104.0
-132.0
-788.0
208.0
604.0
-208.0
-296.0
392.0
156.0
-536.0
28.0
848.0
-84.0
-1044.0
208.0
1360.0
-140.0
-1532.0
188.0
1728.0
-84.0
-1676.0
68.0
1628.0
56.0
-1320.0
-68.0
988.0
196.0
-480.0
-140.0
24.0
220.0
532.0
-152.0
-932.0
152.0
1324.0
-32.0
-1488.0
-28.0
1624.0
208.0
-1520.0
-328.0
1404.0
548.0
-1092.0
-660.0
816.0
932.0
-428.0
-1028.0
212.0
1256.0
104.0
-1332.0
-260.0
1480.0
392.0
-1488.0
-340.0
1552.0
372.0
-1428.0
-232.0
1332.0
260.0
-1072.0
-128.0
872.0
168.0
-496.0
-100.0
184.0
196.0
284.0
-156.0
-576.0
276.0
968.0
-220.0
-1184.0
292.0
1432.0
-176.0
-1456.0
152.0
1496.0
92.0
-1256.0
-192.0
1080.0
516.0
-692.0
-660.0
388.0
1020.0
96.0
-1200.0
-400.0
1488.0
752.0
-1612.0
-932.0
1808.0
1188.0
-1796.0
-1228.0
1888.0
1288.0
-1764.0
-1172.0
1688.0
1156.0
-1416.0
-1008.0
1248.0
1020.0
-888.0
-904.0
628.0
972.0
-188.0
-904.0
-72.0
1024.0
428.0
-972.0
-624.0
1068.0
924.0
-988.0
-980.0
1012.0
1092.0
-872.0
-996.0
828.0
992.0
-612.0
-776.0
552.0
608.0
-336.0
-312.0
344.0
132.0
-200.0
248.0
264.0
-428.0
-236.0
748.0
404.0
-900.0
-428.0
1152.0
628.0
-1212.0
-652.0
1316.0
832.0
-1212.0
-864.0
1176.0
1024.0
-940.0
-1000.0
780.0
1092.0
-436.0
-944.0
168.0
1000.0
196.0
-796.0
-376.0
700.0
644.0
-384.0
-660.0
176.0
732.0
292.0
-536.0
-620.0
380.0
1120.0
-16.0
-1448.0
-156.0
1868.0
584.0
-1988.0
-732.0
2128.0
924.0
-1988.0
-864.0
1812.0
828.0
-1316.0
-600.0
820.0
408.0
-140.0
-12.0
-432.0
-240.0
1084.0
616.0
-1488.0
-756.0
1836.0
916.0
-1868.0
-880.0
1824.0
828.0
-1468.0
-544.0
1096.0
340.0
-516.0
84.0
44.0
-368.0
516.0
784.0
-840.0
-1056.0
1152.0
1432.0
-1144.0
-1592.0
1132.0
1840.0
-808.0
-1816.0
500.0
1968.0
-28.0
-1884.0
-308.0
1876.0
748.0
-1676.0
-992.0
1568.0
1352.0
-1312.0
-1412.0
1196.0
1504.0
-936.0
-1380.0
864.0
1356.0
-708.0
-1140.0
740.0
1080.0
-716.0
-856.0
896.0
792.0
-992.0
-588.0
1252.0
576.0
-1392.0
-420.0
1616.0
408.0
-1648.0
-216.0
1692.0
184.0
-1496.0
8.0
1348.0
-52.0
-900.0
236.0
528.0
-240.0
40.0
364.0
-404.0
-292.0
896.0
328.0
-1176.0
-124.0
1500.0
40.0
-1496.0
220.0
1512.0
-360.0
-1264.0
680.0
1012.0
-796.0
-560.0
1008.0
196.0
-1052.0
360.0
1184.0
-748.0
-1120.0
1252.0
1168.0
-1576.0
-992.0
1944.0
988.0
-2064.0
-820.0
2224.0
832.0
-2124.0
-688.0
2080.0
748.0
-1740.0
-712.0
1472.0
864.0
-992.0
-920.0
640.0
1116.0
-124.0
-1200.0
-264.0
1448.0
668.0
-1480.0
-800.0
1720.0
924.0
-1696.0
-804.0
1768.0
668.0
-1660.0
-256.0
1636.0
-96.0
-1424.0
624.0
1344.0
-1008.0
-1072.0
1504.0
924.0
-1764.0
-644.0
2036.0
584.0
-2048.0
-336.0
2100.0
332.0
-1900.0
-152.0
1804.0
188.0
-1512.0
-44.0
1400.0
80.0
-1192.0
24.0
1212.0
16.0
-1144.0
108.0
1252.0
-68.0
-1268.0
176.0
1460.0
-104.0
-1492.0
184.0
1580.0
-120.0
-1480.0
132.0
1492.0
64.0
-1228.0
-72.0
1076.0
268.0
-724.0
-284.0
516.0
472.0
-128.0
-484.0
-32.0
624.0
340.0
-572.0
-476.0
648.0
668.0
-560.0
-632.0
620.0
748.0
-512.0
-616.0
580.0
596.0
-468.0
-404.0
556.0
324.0
-480.0
-64.0
564.0
-108.0
-516.0
440.0
572.0
-616.0
-468.0
940.0
480.0
-1092.0
-300.0
1368.0
172.0
-1396.0
108.0
1528.0
-240.0
-1396.0
572.0
1316.0
-768.0
-1008.0
1088.0
800.0
-1184.0
-436.0
1396.0
208.0
-1376.0
156.0
1440.0
-296.0
-1264.0
576.0
1148.0
-596.0
-808.0
780.0
580.0
-740.0
-128.0
852.0
-184.0
-816.0
648.0
956.0
-936.0
-992.0
1356.0
1172.0
-1548.0
-1204.0
1820.0
1300.0
-1920.0
-1376.0
2036.0
1468.0
-1924.0
-1220.0
1912.0
1064.0
-1612.0
-692.0
1380.0
376.0
-960.0
132.0
624.0
-520.0
-140.0
1004.0
-168.0
-1200.0
572.0
1468.0
-780.0
-1332.0
1020.0
1240.0
-1016.0
-772.0
1052.0
412.0
-836.0
224.0
728.0
-652.0
-404.0
1204.0
244.0
-1464.0
68.0
1704.0
-152.0
-1600.0
376.0
1492.0
-312.0
-1048.0
368.0
688.0
-248.0
-120.0
244.0
-264.0
-120.0
680.0
140.0
-796.0
-80.0
924.0
256.0
-696.0
-272.0
488.0
524.0
-12.0
-628.0
-344.0
888.0
860.0
-912.0
-1104.0
1048.0
1420.0
-972.0
-1408.0
968.0
1404.0
-760.0
-1132.0
700.0
940.0
-432.0
-520.0
376.0
328.0
-216.0
-4.0
324.0
-16.0
-356.0
64.0
664.0
132.0
-864.0
-292.0
1288.0
624.0
-1488.0
-844.0
1828.0
1156.0
-1908.0
-1116.0
2048.0
1144.0
-1804.0
-872.0
1580.0
656.0
-1032.0
-192.0
556.0
-156.0
148.0
648.0
-676.0
-860.0
1268.0
1140.0
-1640.0
-1040.0
2028.0
1000.0
-2064.0
-620.0
2176.0
344.0
-1940.0
188.0
1828.0
-460.0
-1444.0
888.0
1288.0
-984.0
-952.0
1112.0
888.0
-896.0
-660.0
748.0
720.0
-268.0
-588.0
-36.0
680.0
584.0
-552.0
-868.0
536.0
1312.0
-328.0
-1384.0
180.0
1556.0
248.0
-1408.0
-492.0
1300.0
964.0
-960.0
-1216.0
676.0
1604.0
-136.0
-1708.0
-216.0
1884.0
768.0
-1700.0
-1120.0
1592.0
1600.0
-1200.0
-1800.0
916.0
2100.0
-396.0
-2108.0
80.0
2208.0
428.0
-1972.0
-620.0
1840.0
972.0
-1352.0
-988.0
1024.0
1148.0
-420.0
-1000.0
32.0
980.0
576.0
-688.0
-876.0
516.0
1272.0
-172.0
-1372.0
-32.0
1532.0
444.0
-1376.0
-612.0
1284.0
996.0
-944.0
-1104.0
756.0
1384.0
-368.0
-1364.0
224.0
1528.0
56.0
-1360.0
-60.0
1324.0
164.0
-1020.0
56.0
876.0
-116.0
-492.0
488.0
360.0
-676.0
-44.0
1104.0
-20.0
-1296.0
204.0
1700.0
-84.0
-1836.0
76.0
2104.0
180.0
-2120.0
-296.0
2252.0
620.0
-2052.0
-676.0
2024.0
888.0
-1688.0
-856.0
1508.0
1000.0
-1080.0
-820.0
812.0
836.0
-376.0
-592.0
176.0
596.0
176.0
-420.0
-248.0
504.0
400.0
-388.0
-248.0
592.0
204.0
-604.0
124.0
852.0
-284.0
-908.0
664.0
1140.0
-760.0
-1104.0
984.0
